549, 65, 88, 142
421, 9, 79, 164
421, 9, 79, 164
5, 45, 79, 116
108, 175, 132, 153
108, 175, 132, 153
0, 142, 82, 115
256, 9, 381, 306
256, 9, 381, 306
74, 70, 487, 269
221, 361, 101, 197
221, 361, 101, 197
1, 290, 290, 349
181, 105, 242, 533
1, 290, 290, 349
181, 105, 242, 533
53, 139, 130, 357
183, 163, 88, 171
234, 177, 138, 286
53, 139, 130, 357
288, 35, 160, 164
288, 35, 160, 164
378, 23, 121, 198
76, 29, 130, 119
378, 23, 121, 198
278, 0, 111, 108
76, 29, 130, 119
378, 23, 121, 198
354, 138, 177, 335
215, 142, 119, 298
215, 142, 119, 298
354, 138, 177, 335
191, 110, 225, 526
191, 110, 225, 526
151, 40, 123, 230
151, 40, 123, 230
309, 147, 138, 242
309, 147, 138, 242
72, 0, 249, 335
3, 182, 443, 303
306, 16, 173, 273
72, 0, 249, 335
72, 0, 249, 335
72, 0, 249, 335
306, 16, 173, 273
306, 16, 173, 273
72, 0, 249, 335
3, 182, 443, 303
452, 19, 144, 247
452, 19, 144, 247
452, 19, 144, 247
222, 39, 160, 343
80, 238, 114, 106
80, 238, 114, 106
71, 1, 205, 217
439, 3, 103, 219
71, 1, 205, 217
439, 3, 103, 219
71, 1, 205, 217
71, 1, 205, 217
439, 3, 103, 219
71, 1, 205, 217
145, 81, 8, 26
145, 81, 8, 26
69, 229, 249, 92
69, 229, 249, 92
69, 229, 249, 92
50, 124, 121, 130
50, 124, 121, 130
124, 59, 186, 377
124, 59, 186, 377
325, 345, 166, 131
441, 276, 162, 200
325, 345, 166, 131
325, 345, 166, 131
513, 2, 126, 99
513, 2, 126, 99
224, 2, 231, 298
224, 2, 231, 298
0, 202, 271, 223
0, 202, 271, 223
0, 202, 271, 223
0, 202, 271, 223
410, 189, 211, 236
0, 202, 271, 223
435, 312, 111, 86
435, 312, 111, 86
4, 128, 302, 339
376, 168, 104, 298
4, 128, 302, 339
320, 53, 300, 418
320, 53, 300, 418
4, 128, 302, 339
15, 46, 280, 326
15, 46, 280, 326
15, 46, 280, 326
2, 59, 270, 411
2, 59, 270, 411
220, 121, 371, 353
220, 121, 371, 353
387, 197, 252, 171
387, 197, 252, 171
383, 62, 256, 198
42, 186, 67, 63
383, 62, 256, 198
383, 62, 256, 198
86, 73, 281, 510
86, 73, 281, 510
86, 73, 281, 510
86, 73, 281, 510
405, 95, 81, 183
405, 95, 81, 183
405, 95, 81, 183
14, 72, 223, 206
43, 7, 292, 366
43, 7, 292, 366
188, 244, 178, 153
188, 244, 178, 153
188, 244, 178, 153
188, 244, 178, 153
64, 184, 210, 200
205, 38, 95, 156
205, 38, 95, 156
64, 184, 210, 200
205, 38, 95, 156
167, 341, 102, 99
167, 341, 102, 99
104, 220, 40, 86
281, 0, 45, 95
94, 100, 153, 323
94, 100, 153, 323
0, 13, 235, 290
320, 273, 316, 206
320, 273, 316, 206
320, 273, 316, 206
320, 273, 316, 206
291, 23, 348, 286
182, 247, 187, 163
206, 51, 186, 281
206, 51, 186, 281
182, 247, 187, 163
234, 230, 95, 222
234, 230, 95, 222
69, 432, 280, 115
0, 143, 209, 351
132, 221, 93, 243
132, 221, 93, 243
138, 83, 283, 343
335, 111, 297, 315
138, 83, 283, 343
138, 83, 283, 343
97, 280, 205, 206
97, 280, 205, 206
122, 45, 482, 411
122, 45, 482, 411
1, 198, 69, 98
1, 198, 69, 98
29, 92, 361, 323
29, 92, 361, 323
31, 50, 362, 371
31, 50, 362, 371
129, 74, 173, 310
440, 72, 129, 207
440, 72, 129, 207
129, 74, 173, 310
14, 71, 363, 179
19, 230, 363, 195
14, 71, 363, 179
19, 230, 363, 195
19, 230, 363, 195
19, 230, 363, 195
50, 94, 85, 228
147, 134, 200, 294
122, 215, 171, 125
122, 215, 171, 125
137, 33, 219, 340
137, 33, 219, 340
71, 19, 235, 337
71, 19, 235, 337
125, 102, 256, 355
9, 115, 264, 356
466, 44, 173, 327
466, 44, 173, 327
0, 32, 152, 314
144, 169, 107, 110
134, 135, 238, 283
134, 135, 238, 283
324, 242, 27, 44
324, 242, 27, 44
324, 242, 27, 44
324, 242, 27, 44
458, 288, 87, 75
323, 229, 51, 58
439, 167, 90, 77
290, 39, 37, 55
245, 11, 249, 357
130, 94, 134, 267
391, 219, 86, 135
140, 3, 284, 474
140, 3, 284, 474
140, 3, 284, 474
0, 352, 263, 282
0, 352, 263, 282
129, 6, 90, 213
0, 352, 263, 282
123, 427, 268, 167
123, 427, 268, 167
123, 427, 268, 167
504, 160, 125, 212
37, 97, 218, 185
504, 160, 125, 212
504, 160, 125, 212
146, 115, 318, 234
313, 178, 296, 195
343, 96, 209, 382
107, 91, 179, 370
107, 91, 179, 370
343, 96, 209, 382
346, 301, 56, 71
594, 316, 20, 52
0, 118, 240, 299
0, 118, 240, 299
177, 93, 253, 249
208, 156, 52, 65
208, 156, 52, 65
1, 94, 168, 257
208, 156, 52, 65
177, 93, 253, 249
101, 15, 473, 390
101, 15, 473, 390
101, 15, 473, 390
418, 5, 219, 125
2, 9, 224, 289
418, 5, 219, 125
286, 213, 106, 196
286, 213, 106, 196
37, 45, 183, 327
37, 45, 183, 327
37, 45, 183, 327
93, 257, 270, 315
287, 241, 117, 128
93, 257, 270, 315
266, 211, 290, 189
266, 211, 290, 189
222, 75, 169, 259
222, 75, 169, 259
222, 75, 169, 259
222, 75, 169, 259
235, 7, 230, 340
38, 144, 212, 217
235, 7, 230, 340
96, 0, 68, 88
14, 191, 429, 190
368, 195, 68, 47
14, 191, 429, 190
368, 195, 68, 47
14, 191, 429, 190
368, 195, 68, 47
274, 298, 22, 60
14, 191, 429, 190
385, 1, 121, 345
385, 1, 121, 345
189, 259, 113, 246
189, 259, 113, 246
0, 5, 640, 604
0, 5, 640, 604
336, 59, 128, 82
30, 96, 188, 172
495, 339, 107, 84
15, 52, 230, 344
15, 52, 230, 344
15, 52, 230, 344
188, 137, 445, 281
576, 180, 61, 110
576, 180, 61, 110
188, 137, 445, 281
188, 137, 445, 281
188, 137, 445, 281
188, 137, 445, 281
126, 183, 85, 240
126, 183, 85, 240
274, 207, 215, 131
274, 207, 215, 131
475, 129, 55, 106
1, 3, 117, 230
475, 129, 55, 106
122, 49, 315, 362
385, 26, 254, 393
385, 26, 254, 393
122, 49, 315, 362
232, 130, 164, 110
10, 124, 599, 342
380, 138, 240, 115
380, 138, 240, 115
358, 311, 68, 212
358, 311, 68, 212
145, 154, 112, 238
145, 154, 112, 238
353, 226, 286, 238
353, 226, 286, 238
95, 182, 282, 249
95, 182, 282, 249
325, 74, 86, 225
506, 102, 64, 52
128, 416, 82, 221
128, 416, 82, 221
132, 115, 77, 176
310, 72, 53, 156
132, 115, 77, 176
132, 115, 77, 176
132, 115, 77, 176
132, 115, 77, 176
310, 72, 53, 156
299, 172, 212, 221
299, 172, 212, 221
20, 211, 119, 158
20, 211, 119, 158
387, 265, 113, 122
387, 265, 113, 122
221, 77, 147, 340
221, 77, 147, 340
417, 112, 221, 313
161, 124, 298, 300
161, 124, 298, 300
417, 112, 221, 313
5, 77, 206, 302
417, 112, 221, 313
417, 112, 221, 313
417, 112, 221, 313
148, 128, 139, 250
70, 145, 25, 69
0, 85, 341, 380
310, 353, 255, 124
198, 41, 387, 423
310, 353, 255, 124
68, 105, 237, 99
68, 105, 237, 99
68, 105, 237, 99
68, 105, 237, 99
68, 105, 237, 99
68, 105, 237, 99
68, 105, 237, 99
35, 233, 115, 176
35, 233, 115, 176
35, 233, 115, 176
157, 57, 448, 414
157, 57, 448, 414
197, 107, 95, 110
199, 186, 85, 82
121, 80, 86, 181
199, 186, 85, 82
0, 5, 71, 265
0, 5, 71, 265
290, 6, 290, 348
225, 1, 74, 110
142, 187, 111, 63
123, 218, 150, 180
554, 103, 84, 187
554, 103, 84, 187
105, 252, 156, 162
349, 239, 152, 179
349, 239, 152, 179
105, 252, 156, 162
360, 103, 274, 271
360, 103, 274, 271
360, 103, 274, 271
3, 60, 121, 320
387, 332, 161, 87
361, 144, 104, 176
168, 182, 126, 66
387, 332, 161, 87
387, 332, 161, 87
361, 144, 104, 176
288, 199, 222, 133
5, 238, 225, 190
5, 238, 225, 190
5, 238, 225, 190
204, 247, 205, 164
204, 247, 205, 164
203, 20, 257, 386
203, 20, 257, 386
82, 99, 138, 113
114, 77, 121, 172
114, 77, 121, 172
114, 77, 121, 172
114, 77, 121, 172
1, 132, 372, 347
1, 132, 372, 347
186, 188, 367, 68
186, 188, 367, 68
186, 188, 367, 68
85, 126, 223, 350
85, 126, 223, 350
298, 12, 181, 417
64, 1, 302, 422
64, 1, 302, 422
298, 12, 181, 417
298, 12, 181, 417
64, 1, 302, 422
182, 239, 70, 246
322, 2, 283, 285
76, 0, 201, 462
76, 0, 201, 462
76, 0, 201, 462
322, 2, 283, 285
322, 2, 283, 285
182, 239, 70, 246
199, 32, 93, 189
199, 32, 93, 189
52, 98, 117, 263
52, 98, 117, 263
362, 134, 238, 279
1, 278, 123, 160
97, 260, 110, 139
334, 287, 90, 105
1, 278, 123, 160
157, 114, 252, 293
285, 89, 353, 349
157, 114, 252, 293
282, 180, 154, 222
441, 56, 87, 348
359, 77, 98, 328
228, 58, 114, 345
228, 58, 114, 345
283, 190, 41, 45
441, 56, 87, 348
283, 190, 41, 45
283, 190, 41, 45
344, 135, 152, 232
115, 40, 147, 209
115, 40, 147, 209
344, 135, 152, 232
345, 217, 191, 240
345, 217, 191, 240
4, 246, 159, 151
4, 246, 159, 151
2, 177, 92, 119
248, 207, 249, 169
0, 184, 126, 337
0, 184, 126, 337
0, 184, 126, 337
0, 184, 126, 337
0, 0, 280, 334
0, 0, 280, 334
0, 0, 280, 334
219, 4, 420, 347
360, 76, 56, 116
108, 68, 93, 145
201, 126, 170, 256
201, 126, 170, 256
73, 50, 159, 320
0, 34, 97, 336
0, 34, 97, 336
191, 24, 101, 347
73, 50, 159, 320
280, 60, 100, 307
73, 50, 159, 320
0, 212, 235, 351
250, 57, 350, 354
217, 43, 396, 403
250, 57, 350, 354
107, 63, 51, 78
61, 35, 63, 107
207, 213, 216, 237
376, 80, 256, 263
10, 0, 415, 640
10, 0, 415, 640
10, 0, 415, 640
10, 0, 415, 640
59, 45, 110, 202
472, 29, 114, 217
289, 37, 72, 214
292, 150, 33, 36
2, 191, 538, 165
368, 73, 174, 348
334, 124, 77, 74
334, 124, 77, 74
167, 111, 115, 309
334, 124, 77, 74
334, 124, 77, 74
368, 73, 174, 348
275, 102, 128, 284
122, 71, 151, 354
9, 14, 173, 411
9, 14, 173, 411
275, 102, 128, 284
275, 102, 128, 284
275, 102, 128, 284
122, 71, 151, 354
457, 127, 140, 179
457, 127, 140, 179
130, 97, 132, 107
0, 159, 639, 267
273, 130, 223, 219
120, 161, 92, 354
207, 73, 222, 347
120, 161, 92, 354
207, 73, 222, 347
189, 70, 120, 221
189, 70, 120, 221
189, 70, 120, 221
295, 16, 185, 224
295, 16, 185, 224
189, 70, 120, 221
176, 146, 141, 163
176, 146, 141, 163
309, 116, 276, 206
176, 146, 141, 163
504, 40, 120, 150
504, 40, 120, 150
504, 40, 120, 150
159, 81, 178, 223
106, 279, 201, 84
147, 41, 132, 294
147, 41, 132, 294
172, 263, 417, 109
172, 263, 417, 109
151, 85, 118, 284
151, 85, 118, 284
279, 35, 310, 392
0, 46, 285, 381
279, 35, 310, 392
0, 46, 285, 381
429, 216, 83, 118
174, 406, 149, 206
55, 143, 433, 132
1, 168, 38, 65
13, 6, 486, 367
13, 6, 486, 367
42, 196, 324, 189
42, 196, 324, 189
42, 196, 324, 189
321, 150, 135, 65
344, 117, 279, 351
344, 117, 279, 351
36, 140, 359, 330
36, 140, 359, 330
36, 140, 359, 330
350, 296, 45, 54
8, 72, 280, 238
131, 80, 465, 248
476, 37, 101, 98
8, 72, 280, 238
8, 72, 280, 238
476, 37, 101, 98
1, 27, 183, 385
1, 27, 183, 385
1, 27, 183, 385
65, 6, 404, 414
0, 237, 192, 194
139, 69, 238, 327
139, 69, 238, 327
0, 237, 192, 194
201, 190, 143, 115
201, 190, 143, 115
201, 190, 143, 115
201, 190, 143, 115
1, 166, 94, 64
1, 166, 94, 64
27, 67, 375, 553
27, 67, 375, 553
35, 33, 476, 349
35, 33, 476, 349
174, 202, 200, 248
2, 194, 191, 221
174, 202, 200, 248
174, 202, 200, 248
451, 18, 187, 330
423, 350, 118, 81
3, 214, 154, 220
423, 350, 118, 81
3, 214, 154, 220
451, 18, 187, 330
423, 350, 118, 81
3, 214, 154, 220
423, 350, 118, 81
3, 214, 154, 220
266, 222, 292, 415
65, 222, 252, 313
65, 222, 252, 313
266, 222, 292, 415
90, 135, 256, 336
87, 131, 113, 134
87, 131, 113, 134
90, 135, 256, 336
0, 237, 231, 185
0, 237, 231, 185
92, 208, 199, 128
92, 208, 199, 128
472, 271, 164, 74
446, 249, 192, 148
446, 249, 192, 148
45, 365, 427, 268
243, 0, 81, 137
45, 365, 427, 268
220, 100, 83, 174
359, 396, 120, 133
220, 100, 83, 174
359, 396, 120, 133
208, 69, 102, 226
208, 69, 102, 226
7, 0, 378, 342
7, 0, 378, 342
1, 13, 32, 294
162, 144, 212, 204
162, 144, 212, 204
7, 0, 378, 342
14, 147, 442, 276
323, 1, 230, 149
0, 12, 373, 255
14, 147, 442, 276
410, 107, 205, 220
410, 107, 205, 220
113, 35, 519, 286
411, 264, 227, 162
593, 236, 46, 186
142, 0, 190, 93
142, 0, 190, 93
142, 0, 190, 93
142, 0, 190, 93
593, 236, 46, 186
27, 103, 196, 536
27, 103, 196, 536
152, 53, 243, 575
27, 103, 196, 536
68, 87, 213, 165
374, 12, 265, 271
374, 12, 265, 271
374, 12, 265, 271
29, 189, 63, 96
29, 189, 63, 96
445, 89, 128, 284
445, 89, 128, 284
458, 238, 94, 134
445, 89, 128, 284
128, 283, 325, 151
159, 103, 298, 288
159, 103, 298, 288
11, 69, 360, 564
133, 59, 338, 557
133, 59, 338, 557
11, 69, 360, 564
74, 138, 457, 166
142, 118, 25, 14
395, 71, 242, 364
3, 235, 209, 239
3, 235, 209, 239
3, 235, 209, 239
263, 99, 121, 356
263, 99, 121, 356
263, 99, 121, 356
263, 99, 121, 356
79, 104, 268, 310
79, 104, 268, 310
142, 441, 189, 100
142, 441, 189, 100
361, 200, 36, 71
361, 200, 36, 71
295, 210, 56, 33
0, 0, 488, 375
502, 267, 137, 58
502, 267, 137, 58
71, 309, 337, 154
71, 309, 337, 154
71, 309, 337, 154
71, 309, 337, 154
71, 309, 337, 154
71, 309, 337, 154
205, 83, 133, 290
205, 83, 133, 290
484, 148, 155, 260
484, 148, 155, 260
0, 98, 57, 221
43, 213, 319, 256
153, 244, 41, 82
292, 1, 175, 160
87, 0, 184, 161
258, 180, 116, 87
258, 180, 116, 87
258, 180, 116, 87
292, 1, 175, 160
153, 244, 41, 82
292, 1, 175, 160
292, 1, 175, 160
292, 1, 175, 160
258, 180, 116, 87
224, 56, 162, 329
5, 77, 261, 174
260, 131, 83, 393
130, 60, 108, 475
130, 60, 108, 475
260, 131, 83, 393
451, 94, 167, 176
451, 94, 167, 176
451, 94, 167, 176
79, 92, 166, 404
79, 92, 166, 404
82, 387, 105, 248
79, 92, 166, 404
355, 326, 56, 82
355, 326, 56, 82
18, 18, 234, 228
481, 76, 142, 177
18, 18, 234, 228
18, 18, 234, 228
250, 7, 244, 243
481, 76, 142, 177
295, 120, 256, 159
67, 38, 213, 188
14, 41, 280, 313
98, 132, 137, 127
9, 46, 360, 174
9, 46, 360, 174
445, 2, 122, 177
445, 2, 122, 177
424, 147, 215, 272
424, 147, 215, 272
484, 223, 82, 104
185, 384, 190, 92
185, 384, 190, 92
484, 223, 82, 104
129, 37, 52, 21
2, 178, 63, 113
73, 267, 70, 101
2, 178, 63, 113
241, 90, 93, 79
16, 160, 151, 124
241, 90, 93, 79
241, 90, 93, 79
158, 168, 153, 140
158, 168, 153, 140
158, 168, 153, 140
251, 140, 14, 86
158, 168, 153, 140
158, 168, 153, 140
158, 168, 153, 140
418, 167, 215, 88
418, 167, 215, 88
315, 327, 163, 299
178, 225, 126, 81
1, 260, 167, 373
315, 327, 163, 299
2, 11, 250, 265
94, 19, 271, 250
2, 11, 250, 265
2, 11, 250, 265
244, 157, 346, 248
244, 157, 346, 248
81, 304, 192, 296
81, 304, 192, 296
172, 295, 129, 216
212, 526, 258, 37
315, 165, 127, 379
315, 165, 127, 379
172, 295, 129, 216
469, 282, 145, 137
469, 282, 145, 137
302, 227, 131, 165
241, 71, 118, 140
469, 282, 145, 137
469, 282, 145, 137
302, 227, 131, 165
65, 7, 409, 349
65, 7, 409, 349
513, 289, 121, 172
513, 289, 121, 172
513, 289, 121, 172
311, 36, 318, 351
174, 7, 365, 384
27, 19, 388, 364
311, 36, 318, 351
437, 230, 196, 84
437, 230, 196, 84
18, 47, 616, 430
101, 35, 151, 123
18, 47, 616, 430
18, 47, 616, 430
18, 47, 616, 430
416, 0, 131, 208
18, 47, 616, 430
416, 0, 131, 208
101, 35, 151, 123
274, 7, 234, 405
96, 51, 387, 374
96, 51, 387, 374
274, 7, 234, 405
155, 244, 47, 85
155, 244, 47, 85
155, 244, 47, 85
71, 360, 90, 108
71, 360, 90, 108
0, 267, 112, 346
0, 267, 112, 346
18, 136, 287, 270
322, 347, 237, 69
595, 354, 44, 52
295, 44, 240, 223
18, 136, 287, 270
14, 182, 150, 50
57, 148, 452, 86
517, 217, 114, 112
517, 217, 114, 112
246, 89, 66, 86
230, 157, 52, 32
336, 198, 264, 281
336, 198, 264, 281
336, 198, 264, 281
348, 1, 168, 128
77, 211, 281, 236
203, 14, 123, 138
203, 14, 123, 138
336, 198, 264, 281
203, 14, 123, 138
348, 1, 168, 128
327, 21, 312, 395
327, 21, 312, 395
327, 21, 312, 395
327, 21, 312, 395
327, 21, 312, 395
327, 21, 312, 395
423, 154, 207, 273
423, 154, 207, 273
423, 154, 207, 273
6, 130, 193, 288
6, 130, 193, 288
423, 154, 207, 273
0, 26, 399, 569
0, 26, 399, 569
0, 26, 399, 569
0, 26, 399, 569
282, 82, 164, 160
0, 0, 480, 637
223, 367, 178, 215
282, 82, 164, 160
169, 73, 267, 292
410, 149, 146, 231
169, 73, 267, 292
410, 149, 146, 231
169, 73, 267, 292
169, 73, 267, 292
361, 0, 233, 232
361, 0, 233, 232
488, 310, 15, 40
593, 310, 42, 96
262, 153, 278, 268
276, 92, 208, 262
262, 153, 278, 268
276, 92, 208, 262
50, 295, 580, 176
50, 295, 580, 176
50, 295, 580, 176
323, 309, 92, 135
344, 57, 65, 146
140, 251, 126, 181
140, 251, 126, 181
103, 38, 189, 191
35, 143, 273, 279
35, 143, 273, 279
35, 143, 273, 279
0, 256, 32, 45
0, 256, 32, 45
435, 264, 142, 180
435, 264, 142, 180
435, 264, 142, 180
91, 149, 80, 101
17, 229, 138, 231
17, 229, 138, 231
17, 229, 138, 231
363, 38, 265, 254
180, 42, 204, 202
363, 38, 265, 254
363, 38, 265, 254
72, 209, 278, 143
0, 11, 634, 415
1, 146, 98, 89
409, 99, 29, 57
409, 99, 29, 57
401, 220, 227, 255
21, 167, 197, 141
21, 167, 197, 141
275, 39, 128, 299
401, 220, 227, 255
275, 39, 128, 299
134, 133, 140, 137
212, 103, 235, 372
483, 89, 120, 346
483, 89, 120, 346
483, 89, 120, 346
134, 133, 140, 137
5, 171, 421, 464
0, 15, 87, 49
269, 85, 133, 331
0, 15, 87, 49
5, 171, 421, 464
5, 171, 421, 464
4, 4, 144, 225
4, 4, 144, 225
131, 1, 130, 113
294, 99, 65, 65
374, 2, 125, 132
197, 148, 270, 185
197, 148, 270, 185
48, 163, 426, 463
48, 163, 426, 463
48, 163, 426, 463
165, 94, 229, 146
197, 148, 270, 185
48, 163, 426, 463
367, 137, 108, 131
367, 137, 108, 131
403, 149, 149, 257
233, 50, 213, 195
367, 137, 108, 131
367, 137, 108, 131
403, 149, 149, 257
367, 137, 108, 131
276, 111, 124, 309
375, 97, 207, 323
91, 86, 169, 330
276, 111, 124, 309
245, 127, 104, 291
91, 86, 169, 330
110, 25, 228, 393
317, 58, 111, 252
312, 85, 276, 340
312, 85, 276, 340
521, 64, 116, 360
521, 64, 116, 360
108, 76, 143, 282
108, 76, 143, 282
206, 91, 344, 302
108, 76, 143, 282
13, 343, 390, 287
13, 343, 390, 287
206, 87, 234, 167
206, 87, 234, 167
295, 174, 189, 169
89, 339, 426, 116
206, 87, 234, 167
433, 2, 62, 231
272, 72, 136, 159
326, 1, 165, 214
20, 118, 178, 201
20, 118, 178, 201
272, 72, 136, 159
20, 118, 178, 201
20, 118, 178, 201
394, 94, 74, 260
329, 61, 241, 110
394, 94, 74, 260
394, 94, 74, 260
88, 2, 523, 385
88, 2, 523, 385
0, 277, 127, 146
197, 315, 85, 109
88, 2, 523, 385
0, 277, 127, 146
88, 2, 523, 385
0, 277, 127, 146
418, 218, 185, 83
418, 218, 185, 83
187, 196, 142, 172
187, 196, 142, 172
187, 196, 142, 172
12, 80, 154, 280
514, 84, 103, 295
187, 196, 142, 172
387, 200, 221, 224
27, 152, 252, 268
27, 152, 252, 268
230, 172, 210, 252
387, 200, 221, 224
490, 189, 141, 228
217, 132, 280, 118
217, 132, 280, 118
22, 255, 406, 344
22, 255, 406, 344
22, 255, 406, 344
22, 255, 406, 344
286, 41, 195, 218
1, 65, 154, 220
1, 65, 154, 220
144, 60, 138, 188
286, 41, 195, 218
1, 65, 154, 220
72, 157, 11, 59
72, 157, 11, 59
19, 172, 375, 290
19, 172, 375, 290
2, 360, 99, 274
18, 111, 355, 520
361, 178, 159, 243
361, 178, 159, 243
39, 166, 128, 253
291, 52, 339, 308
291, 52, 339, 308
138, 89, 196, 330
291, 52, 339, 308
361, 178, 159, 243
361, 178, 159, 243
361, 178, 159, 243
59, 235, 463, 222
552, 177, 54, 149
59, 235, 463, 222
59, 235, 463, 222
339, 98, 16, 37
339, 98, 16, 37
370, 48, 182, 447
178, 254, 102, 186
370, 48, 182, 447
178, 254, 102, 186
178, 254, 102, 186
178, 254, 102, 186
231, 40, 231, 271
231, 40, 231, 271
22, 4, 264, 293
22, 4, 264, 293
2, 0, 103, 74
38, 108, 548, 301
72, 7, 247, 68
51, 129, 406, 329
51, 129, 406, 329
51, 129, 406, 329
51, 129, 406, 329
55, 110, 305, 271
55, 110, 305, 271
375, 231, 259, 170
78, 69, 256, 275
165, 291, 109, 62
165, 291, 109, 62
78, 69, 256, 275
375, 231, 259, 170
355, 552, 121, 85
355, 552, 121, 85
355, 552, 121, 85
55, 295, 195, 122
355, 552, 121, 85
385, 453, 51, 88
355, 552, 121, 85
55, 295, 195, 122
281, 197, 95, 267
176, 208, 77, 254
176, 208, 77, 254
130, 182, 138, 83
3, 12, 88, 292
3, 12, 88, 292
3, 12, 88, 292
146, 2, 307, 214
58, 167, 494, 110
3, 174, 88, 91
274, 0, 357, 369
274, 0, 357, 369
274, 0, 357, 369
274, 0, 357, 369
176, 121, 159, 227
176, 121, 159, 227
70, 245, 202, 286
176, 121, 159, 227
581, 105, 56, 210
243, 63, 100, 231
243, 63, 100, 231
581, 105, 56, 210
117, 23, 313, 390
322, 104, 101, 220
117, 23, 313, 390
117, 23, 313, 390
114, 285, 348, 82
93, 186, 386, 111
93, 186, 386, 111
114, 285, 348, 82
93, 186, 386, 111
93, 186, 386, 111
10, 331, 453, 159
455, 239, 84, 109
87, 139, 240, 161
455, 239, 84, 109
300, 290, 263, 88
300, 290, 263, 88
24, 159, 340, 258
24, 159, 340, 258
280, 120, 134, 354
280, 120, 134, 354
32, 59, 356, 168
280, 120, 134, 354
9, 172, 350, 377
9, 172, 350, 377
15, 145, 193, 170
228, 146, 223, 173
15, 145, 193, 170
228, 146, 223, 173
498, 286, 64, 30
409, 103, 203, 182
409, 103, 203, 182
228, 146, 223, 173
92, 262, 33, 101
0, 159, 104, 272
241, 141, 124, 280
241, 141, 124, 280
197, 98, 239, 258
354, 27, 226, 452
197, 98, 239, 258
197, 98, 239, 258
197, 98, 239, 258
354, 27, 226, 452
427, 253, 62, 79
114, 160, 342, 173
114, 160, 342, 173
114, 160, 342, 173
262, 40, 213, 375
262, 40, 213, 375
262, 40, 213, 375
262, 40, 213, 375
0, 63, 636, 410
0, 63, 636, 410
0, 63, 636, 410
0, 63, 636, 410
65, 3, 241, 471
275, 133, 176, 343
65, 3, 241, 471
408, 105, 171, 364
65, 3, 241, 471
275, 133, 176, 343
335, 94, 107, 151
460, 30, 178, 170
52, 164, 112, 89
460, 30, 178, 170
386, 402, 22, 27
386, 402, 22, 27
382, 216, 99, 186
353, 88, 284, 220
353, 88, 284, 220
353, 88, 284, 220
103, 114, 220, 343
103, 114, 220, 343
280, 118, 92, 229
280, 118, 92, 229
280, 118, 92, 229
293, 365, 47, 61
280, 118, 92, 229
161, 250, 31, 39
280, 118, 92, 229
280, 118, 92, 229
424, 76, 75, 172
424, 76, 75, 172
295, 9, 188, 233
295, 9, 188, 233
0, 209, 92, 264
0, 209, 92, 264
0, 209, 92, 264
0, 209, 92, 264
0, 198, 268, 252
22, 63, 270, 349
246, 42, 297, 355
22, 63, 270, 349
22, 63, 270, 349
201, 224, 170, 101
9, 203, 143, 139
201, 224, 170, 101
9, 203, 143, 139
9, 203, 143, 139
201, 224, 170, 101
188, 39, 177, 332
45, 168, 152, 201
188, 39, 177, 332
45, 168, 152, 201
22, 149, 195, 173
423, 63, 184, 88
357, 97, 261, 184
423, 63, 184, 88
357, 97, 261, 184
39, 144, 182, 495
190, 149, 181, 488
13, 5, 368, 463
13, 5, 368, 463
13, 5, 368, 463
37, 225, 83, 205
347, 109, 229, 238
13, 5, 368, 463
347, 109, 229, 238
347, 109, 229, 238
13, 5, 368, 463
433, 48, 64, 72
36, 60, 188, 386
36, 60, 188, 386
30, 13, 144, 275
30, 13, 144, 275
144, 0, 286, 421
144, 0, 286, 421
221, 74, 112, 366
221, 74, 112, 366
367, 86, 259, 389
367, 86, 259, 389
107, 61, 236, 407
367, 86, 259, 389
292, 244, 59, 175
113, 42, 203, 345
282, 193, 204, 134
43, 174, 234, 177
43, 174, 234, 177
282, 193, 204, 134
145, 11, 114, 314
227, 71, 161, 252
227, 71, 161, 252
145, 11, 114, 314
204, 105, 261, 183
204, 105, 261, 183
189, 175, 205, 247
189, 175, 205, 247
317, 121, 178, 295
317, 121, 178, 295
153, 144, 182, 276
317, 121, 178, 295
315, 111, 270, 167
315, 111, 270, 167
44, 21, 356, 610
44, 21, 356, 610
111, 160, 124, 113
111, 160, 124, 113
111, 160, 124, 113
222, 118, 39, 33
222, 118, 39, 33
0, 0, 612, 612
391, 120, 130, 143
245, 19, 360, 297
437, 474, 181, 92
245, 19, 360, 297
245, 19, 360, 297
508, 164, 130, 224
508, 164, 130, 224
91, 0, 206, 283
548, 22, 31, 89
200, 3, 125, 94
282, 93, 106, 95
282, 93, 106, 95
37, 342, 156, 193
37, 342, 156, 193
315, 27, 258, 311
1, 141, 97, 162
315, 27, 258, 311
56, 31, 255, 307
40, 200, 207, 201
40, 200, 207, 201
279, 162, 182, 170
110, 79, 323, 334
110, 79, 323, 334
110, 79, 323, 334
85, 217, 173, 79
46, 12, 412, 453
225, 142, 352, 280
225, 142, 352, 280
46, 12, 412, 453
101, 11, 518, 390
0, 229, 159, 182
0, 229, 159, 182
101, 11, 518, 390
155, 93, 291, 286
372, 231, 102, 147
155, 93, 291, 286
155, 93, 291, 286
59, 309, 85, 53
59, 309, 85, 53
59, 309, 85, 53
236, 231, 170, 223
236, 231, 170, 223
20, 0, 401, 423
20, 0, 401, 423
46, 28, 590, 392
46, 28, 590, 392
133, 41, 172, 109
133, 41, 172, 109
46, 28, 590, 392
46, 28, 590, 392
46, 28, 590, 392
310, 287, 141, 117
310, 287, 141, 117
269, 82, 363, 549
269, 82, 363, 549
2, 15, 390, 622
2, 15, 390, 622
426, 68, 183, 252
1, 35, 143, 160
560, 3, 75, 95
257, 51, 142, 242
281, 96, 281, 234
257, 51, 142, 242
257, 51, 142, 242
192, 85, 138, 471
216, 133, 184, 483
216, 133, 184, 483
216, 133, 184, 483
214, 23, 174, 225
214, 23, 174, 225
192, 152, 439, 316
192, 152, 439, 316
390, 164, 173, 167
390, 164, 173, 167
390, 164, 173, 167
390, 164, 173, 167
0, 10, 172, 321
0, 10, 172, 321
44, 97, 184, 542
0, 10, 172, 321
300, 72, 70, 95
317, 206, 237, 152
317, 206, 237, 152
311, 153, 160, 215
311, 153, 160, 215
35, 82, 74, 205
235, 234, 142, 121
380, 81, 143, 327
380, 81, 143, 327
380, 81, 143, 327
235, 234, 142, 121
235, 234, 142, 121
216, 37, 337, 408
216, 37, 337, 408
97, 112, 245, 327
97, 112, 245, 327
2, 121, 190, 321
2, 121, 190, 321
219, 37, 112, 288
219, 37, 112, 288
93, 21, 143, 346
304, 3, 150, 312
304, 3, 150, 312
219, 37, 112, 288
294, 173, 210, 194
294, 173, 210, 194
473, 326, 147, 178
116, 320, 111, 176
116, 320, 111, 176
473, 326, 147, 178
273, 190, 186, 185
273, 190, 186, 185
181, 129, 149, 229
181, 129, 149, 229
181, 129, 149, 229
160, 33, 290, 348
160, 33, 290, 348
160, 33, 290, 348
160, 33, 290, 348
141, 139, 99, 238
141, 139, 99, 238
111, 246, 233, 190
23, 236, 153, 165
23, 236, 153, 165
111, 246, 233, 190
23, 236, 153, 165
184, 79, 133, 452
353, 171, 126, 142
353, 171, 126, 142
184, 79, 133, 452
0, 8, 343, 465
0, 8, 343, 465
351, 421, 93, 56
0, 8, 343, 465
308, 85, 319, 300
0, 8, 343, 465
308, 85, 319, 300
411, 28, 226, 389
78, 45, 469, 224
196, 150, 217, 269
411, 28, 226, 389
78, 45, 469, 224
411, 28, 226, 389
235, 46, 177, 84
23, 58, 213, 74
23, 58, 213, 74
4, 93, 405, 284
23, 58, 213, 74
389, 4, 250, 238
448, 201, 26, 26
448, 201, 26, 26
448, 201, 26, 26
448, 201, 26, 26
213, 131, 189, 342
406, 209, 110, 240
213, 131, 189, 342
406, 209, 110, 240
251, 163, 112, 228
208, 256, 187, 145
53, 24, 366, 543
427, 271, 51, 122
427, 271, 51, 122
53, 24, 366, 543
194, 341, 179, 134
194, 341, 179, 134
427, 271, 51, 122
0, 13, 113, 349
79, 9, 423, 382
0, 13, 113, 349
0, 13, 113, 349
352, 126, 257, 318
352, 126, 257, 318
241, 15, 135, 146
385, 130, 107, 473
7, 136, 112, 457
385, 130, 107, 473
7, 136, 112, 457
7, 136, 112, 457
445, 228, 136, 190
320, 49, 122, 376
445, 228, 136, 190
445, 228, 136, 190
445, 228, 136, 190
320, 49, 122, 376
445, 228, 136, 190
445, 228, 136, 190
445, 228, 136, 190
320, 49, 122, 376
145, 122, 424, 243
145, 122, 424, 243
7, 122, 155, 140
145, 122, 424, 243
525, 70, 114, 339
525, 70, 114, 339
488, 176, 150, 243
488, 176, 150, 243
115, 30, 354, 321
53, 3, 586, 446
262, 134, 148, 203
262, 134, 148, 203
0, 89, 459, 547
128, 53, 287, 553
294, 193, 197, 229
294, 193, 197, 229
294, 193, 197, 229
3, 135, 117, 288
294, 193, 197, 229
471, 191, 165, 226
6, 133, 105, 171
88, 62, 223, 411
6, 133, 105, 171
6, 133, 105, 171
115, 99, 281, 212
71, 62, 58, 46
277, 153, 233, 252
83, 85, 242, 241
458, 187, 181, 257
458, 187, 181, 257
244, 283, 181, 167
458, 187, 181, 257
95, 138, 177, 280
95, 138, 177, 280
51, 398, 138, 164
426, 258, 95, 285
51, 398, 138, 164
426, 258, 95, 285
181, 453, 250, 56
194, 326, 142, 147
88, 268, 138, 210
194, 326, 142, 147
194, 326, 142, 147
400, 203, 43, 57
400, 203, 43, 57
0, 14, 191, 405
0, 14, 191, 405
119, 263, 165, 312
99, 475, 183, 130
99, 475, 183, 130
119, 263, 165, 312
99, 475, 183, 130
99, 475, 183, 130
1, 2, 42, 60
215, 59, 127, 206
183, 565, 194, 74
72, 318, 96, 161
72, 318, 96, 161
300, 102, 148, 136
515, 3, 121, 157
152, 0, 80, 36
452, 181, 182, 58
4, 129, 371, 114
367, 132, 151, 266
367, 132, 151, 266
367, 132, 151, 266
147, 96, 275, 266
147, 96, 275, 266
264, 207, 348, 268
147, 96, 275, 266
264, 207, 348, 268
264, 207, 348, 268
147, 96, 275, 266
27, 177, 333, 298
0, 0, 640, 480
0, 0, 640, 480
27, 177, 333, 298
0, 0, 640, 480
411, 9, 123, 182
411, 9, 123, 182
411, 9, 123, 182
0, 14, 60, 143
141, 115, 260, 349
141, 115, 260, 349
77, 201, 523, 191
77, 201, 523, 191
222, 2, 182, 169
222, 2, 182, 169
364, 0, 270, 450
364, 0, 270, 450
41, 183, 538, 230
41, 183, 538, 230
41, 183, 538, 230
41, 183, 538, 230
537, 1, 70, 242
537, 1, 70, 242
303, 130, 138, 100
305, 147, 70, 50
203, 195, 154, 100
203, 195, 154, 100
160, 34, 479, 387
160, 34, 479, 387
77, 245, 121, 137
77, 245, 121, 137
164, 209, 112, 137
164, 209, 112, 137
386, 208, 247, 247
386, 208, 247, 247
0, 224, 136, 179
8, 306, 212, 170
0, 224, 136, 179
8, 306, 212, 170
372, 72, 146, 290
372, 72, 146, 290
410, 325, 186, 145
410, 325, 186, 145
239, 2, 119, 59
239, 2, 119, 59
2, 113, 240, 363
2, 113, 240, 363
2, 113, 240, 363
213, 16, 228, 364
213, 16, 228, 364
213, 16, 228, 364
42, 42, 534, 299
42, 42, 534, 299
349, 51, 219, 237
42, 42, 534, 299
202, 6, 161, 483
202, 6, 161, 483
3, 36, 201, 421
3, 36, 201, 421
242, 87, 161, 160
242, 87, 161, 160
4, 108, 270, 309
448, 22, 161, 209
444, 255, 33, 20
448, 22, 161, 209
4, 108, 270, 309
444, 255, 33, 20
316, 318, 179, 139
316, 318, 179, 139
15, 79, 206, 496
254, 152, 135, 363
254, 152, 135, 363
254, 152, 135, 363
126, 184, 245, 133
415, 108, 206, 156
415, 108, 206, 156
126, 184, 245, 133
479, 311, 149, 161
479, 311, 149, 161
229, 147, 346, 480
229, 147, 346, 480
229, 147, 346, 480
0, 36, 234, 587
342, 37, 53, 202
419, 83, 98, 177
73, 38, 335, 360
73, 38, 335, 360
419, 83, 98, 177
279, 22, 92, 220
127, 125, 475, 228
349, 36, 204, 151
349, 36, 204, 151
127, 125, 475, 228
346, 333, 178, 90
110, 130, 346, 257
110, 130, 346, 257
174, 144, 152, 153
174, 144, 152, 153
93, 301, 136, 171
93, 301, 136, 171
93, 301, 136, 171
93, 301, 136, 171
484, 206, 34, 45
484, 206, 34, 45
13, 208, 257, 386
198, 328, 131, 206
198, 328, 131, 206
198, 328, 131, 206
63, 77, 189, 507
63, 77, 189, 507
192, 125, 168, 146
192, 125, 168, 146
81, 45, 458, 362
81, 45, 458, 362
81, 45, 458, 362
11, 315, 216, 110
221, 57, 355, 363
11, 315, 216, 110
221, 57, 355, 363
337, 0, 105, 278
0, 65, 612, 546
337, 0, 105, 278
149, 122, 149, 280
149, 122, 149, 280
86, 0, 270, 332
86, 0, 270, 332
242, 1, 121, 135
242, 1, 121, 135
242, 1, 121, 135
88, 221, 60, 47
11, 220, 372, 415
26, 129, 570, 179
26, 129, 570, 179
0, 164, 204, 74
509, 250, 74, 16
509, 250, 74, 16
193, 11, 95, 319
400, 31, 141, 370
193, 11, 95, 319
193, 11, 95, 319
230, 19, 355, 398
230, 19, 355, 398
508, 53, 130, 365
508, 53, 130, 365
468, 128, 163, 292
468, 128, 163, 292
468, 128, 163, 292
152, 124, 161, 297
41, 82, 209, 385
41, 82, 209, 385
174, 184, 130, 95
525, 177, 113, 107
31, 166, 29, 76
162, 202, 156, 110
22, 105, 131, 124
22, 105, 131, 124
88, 36, 143, 147
22, 105, 131, 124
136, 286, 163, 170
22, 105, 131, 124
11, 39, 625, 381
160, 0, 180, 88
160, 0, 180, 88
11, 39, 625, 381
160, 0, 180, 88
160, 0, 180, 88
160, 0, 180, 88
11, 39, 625, 381
341, 173, 295, 243
341, 173, 295, 243
341, 173, 295, 243
341, 173, 295, 243
341, 173, 295, 243
194, 139, 220, 272
5, 26, 609, 414
5, 26, 609, 414
145, 38, 255, 499
145, 38, 255, 499
159, 91, 285, 380
159, 91, 285, 380
363, 27, 276, 442
363, 27, 276, 442
212, 58, 136, 214
212, 58, 136, 214
149, 25, 276, 565
2, 2, 145, 194
149, 25, 276, 565
149, 25, 276, 565
53, 10, 342, 236
53, 10, 342, 236
53, 10, 342, 236
218, 17, 154, 218
53, 10, 342, 236
86, 279, 187, 75
86, 279, 187, 75
17, 70, 175, 301
17, 70, 175, 301
17, 70, 175, 301
17, 70, 175, 301
461, 261, 49, 50
308, 270, 51, 73
0, 174, 256, 195
0, 174, 256, 195
410, 96, 83, 116
149, 4, 55, 173
0, 174, 256, 195
149, 4, 55, 173
149, 4, 55, 173
32, 11, 341, 577
6, 48, 207, 557
32, 11, 341, 577
318, 53, 139, 141
184, 101, 95, 126
0, 105, 169, 223
89, 110, 58, 131
89, 110, 58, 131
419, 119, 80, 137
184, 101, 95, 126
184, 101, 95, 126
287, 173, 85, 249
182, 182, 122, 236
287, 173, 85, 249
182, 182, 122, 236
426, 149, 130, 268
287, 173, 85, 249
68, 252, 217, 146
112, 237, 14, 52
115, 64, 361, 358
115, 64, 361, 358
115, 64, 361, 358
115, 64, 361, 358
463, 207, 93, 57
256, 168, 100, 157
463, 207, 93, 57
256, 168, 100, 157
198, 203, 189, 146
212, 153, 80, 159
284, 66, 92, 65
284, 66, 92, 65
0, 0, 500, 368
0, 0, 500, 368
0, 0, 500, 368
275, 291, 45, 22
275, 291, 45, 22
275, 291, 45, 22
275, 291, 45, 22
2, 53, 276, 162
178, 87, 257, 113
89, 18, 74, 273
178, 87, 257, 113
178, 87, 257, 113
89, 18, 74, 273
370, 79, 112, 288
42, 111, 123, 305
466, 101, 137, 315
370, 79, 112, 288
328, 328, 170, 70
370, 79, 112, 288
466, 101, 137, 315
328, 328, 170, 70
125, 266, 149, 365
125, 266, 149, 365
436, 21, 200, 348
436, 21, 200, 348
498, 161, 96, 343
498, 161, 96, 343
269, 240, 285, 88
269, 240, 285, 88
221, 154, 56, 79
351, 154, 89, 245
281, 142, 321, 184
281, 142, 321, 184
43, 146, 254, 177
281, 142, 321, 184
93, 269, 57, 42
93, 269, 57, 42
93, 269, 57, 42
366, 0, 52, 39
555, 256, 42, 92
69, 37, 332, 377
69, 37, 332, 377
406, 4, 229, 266
406, 4, 229, 266
81, 97, 162, 339
81, 97, 162, 339
81, 97, 162, 339
485, 150, 111, 162
144, 50, 65, 130
144, 50, 65, 130
346, 254, 112, 178
0, 271, 148, 200
127, 249, 248, 221
127, 249, 248, 221
80, 66, 94, 182
80, 66, 94, 182
69, 151, 211, 120
2, 253, 53, 125
92, 130, 234, 321
153, 124, 349, 334
92, 130, 234, 321
523, 172, 85, 62
92, 130, 234, 321
153, 124, 349, 334
73, 156, 93, 200
73, 156, 93, 200
387, 38, 224, 365
116, 269, 84, 86
35, 85, 212, 71
35, 85, 212, 71
35, 85, 212, 71
35, 85, 212, 71
8, 53, 511, 412
8, 53, 511, 412
51, 91, 541, 315
51, 91, 541, 315
207, 371, 45, 84
26, 138, 235, 280
104, 138, 219, 157
104, 138, 219, 157
338, 87, 151, 534
170, 77, 140, 535
338, 87, 151, 534
170, 77, 140, 535
23, 420, 151, 193
23, 420, 151, 193
300, 266, 142, 196
23, 420, 151, 193
23, 420, 151, 193
7, 4, 376, 594
157, 102, 270, 229
157, 102, 270, 229
248, 93, 282, 323
248, 93, 282, 323
248, 93, 282, 323
380, 26, 259, 359
575, 21, 13, 35
273, 24, 43, 46
348, 91, 169, 248
178, 179, 73, 95
332, 266, 250, 137
332, 266, 250, 137
232, 1, 189, 117
56, 93, 390, 370
56, 93, 390, 370
232, 1, 189, 117
159, 96, 132, 305
111, 4, 160, 305
76, 84, 223, 377
111, 4, 160, 305
111, 4, 160, 305
159, 96, 132, 305
111, 4, 160, 305
93, 35, 519, 460
8, 19, 584, 385
24, 125, 259, 142
478, 0, 121, 256
478, 0, 121, 256
478, 0, 121, 256
3, 133, 623, 343
302, 86, 105, 132
302, 86, 105, 132
28, 2, 292, 304
28, 2, 292, 304
159, 237, 126, 229
280, 148, 193, 395
280, 148, 193, 395
211, 87, 79, 105
280, 148, 193, 395
159, 237, 126, 229
558, 77, 81, 239
330, 50, 297, 365
558, 77, 81, 239
558, 77, 81, 239
0, 0, 108, 170
3, 0, 301, 185
3, 0, 301, 185
3, 0, 301, 185
18, 230, 242, 245
193, 137, 131, 197
193, 137, 131, 197
193, 137, 131, 197
2, 196, 211, 229
126, 437, 200, 198
77, 141, 213, 340
150, 13, 188, 105
77, 141, 213, 340
126, 437, 200, 198
126, 437, 200, 198
213, 104, 121, 223
213, 104, 121, 223
213, 104, 121, 223
364, 137, 124, 154
267, 16, 194, 313
106, 189, 166, 90
106, 189, 166, 90
267, 16, 194, 313
41, 28, 163, 260
20, 138, 285, 194
20, 138, 285, 194
450, 300, 182, 172
257, 222, 158, 216
257, 222, 158, 216
257, 222, 158, 216
207, 230, 167, 208
60, 332, 75, 58
60, 332, 75, 58
207, 230, 167, 208
367, 109, 247, 383
367, 109, 247, 383
367, 109, 247, 383
152, 207, 334, 176
384, 123, 62, 95
252, 35, 104, 260
59, 136, 98, 156
59, 136, 98, 156
59, 136, 98, 156
252, 35, 104, 260
59, 136, 98, 156
495, 91, 139, 205
59, 136, 98, 156
465, 102, 115, 370
465, 102, 115, 370
109, 428, 122, 97
40, 381, 108, 81
428, 44, 139, 260
428, 44, 139, 260
197, 202, 83, 222
278, 135, 63, 88
278, 135, 63, 88
19, 234, 585, 187
19, 234, 585, 187
19, 234, 585, 187
19, 234, 585, 187
65, 135, 246, 148
65, 135, 246, 148
316, 112, 313, 218
316, 112, 313, 218
37, 115, 473, 145
37, 115, 473, 145
60, 134, 163, 397
142, 222, 189, 317
272, 2, 351, 203
272, 2, 351, 203
328, 138, 311, 170
328, 138, 311, 170
266, 137, 160, 114
266, 137, 160, 114
192, 146, 76, 106
192, 146, 76, 106
186, 61, 304, 215
161, 243, 356, 158
186, 61, 304, 215
161, 243, 356, 158
5, 235, 97, 19
5, 235, 97, 19
2, 221, 203, 175
2, 221, 203, 175
79, 74, 121, 294
0, 67, 85, 307
0, 67, 85, 307
79, 74, 121, 294
193, 274, 18, 25
79, 74, 121, 294
165, 98, 292, 279
165, 98, 292, 279
270, 212, 118, 265
270, 212, 118, 265
319, 120, 173, 288
319, 120, 173, 288
319, 120, 173, 288
305, 69, 212, 404
321, 316, 224, 128
321, 316, 224, 128
305, 69, 212, 404
198, 206, 104, 220
321, 316, 224, 128
139, 115, 184, 350
243, 162, 260, 466
582, 221, 55, 364
340, 258, 166, 136
340, 258, 166, 136
340, 258, 166, 136
340, 258, 166, 136
156, 107, 46, 52
156, 107, 46, 52
156, 107, 46, 52
156, 107, 46, 52
48, 134, 174, 180
48, 134, 174, 180
48, 134, 174, 180
218, 30, 93, 153
48, 134, 174, 180
286, 0, 105, 48
286, 0, 105, 48
128, 411, 196, 220
496, 438, 97, 186
128, 411, 196, 220
128, 411, 196, 220
368, 218, 208, 354
368, 218, 208, 354
368, 218, 208, 354
52, 14, 587, 400
376, 71, 218, 145
2, 136, 130, 124
0, 98, 241, 129
575, 18, 64, 205
0, 98, 241, 129
0, 98, 241, 129
195, 104, 130, 265
195, 104, 130, 265
134, 137, 323, 281
134, 137, 323, 281
338, 97, 278, 299
25, 51, 358, 357
338, 97, 278, 299
376, 76, 257, 337
6, 39, 290, 378
6, 39, 290, 378
376, 76, 257, 337
281, 103, 342, 372
281, 103, 342, 372
2, 206, 208, 183
281, 103, 342, 372
223, 170, 193, 177
223, 170, 193, 177
145, 269, 133, 165
223, 170, 193, 177
24, 289, 204, 115
164, 284, 186, 118
398, 504, 187, 130
276, 379, 142, 196
46, 150, 291, 469
46, 150, 291, 469
28, 151, 170, 356
28, 151, 170, 356
252, 305, 32, 38
277, 17, 193, 148
252, 305, 32, 38
29, 62, 195, 154
277, 17, 193, 148
29, 62, 195, 154
73, 140, 97, 61
73, 140, 97, 61
234, 51, 98, 220
234, 51, 98, 220
417, 179, 141, 122
417, 179, 141, 122
417, 179, 141, 122
217, 51, 211, 224
217, 51, 211, 224
28, 40, 199, 235
217, 51, 211, 224
0, 244, 432, 365
47, 0, 170, 66
0, 244, 432, 365
0, 9, 596, 580
0, 9, 596, 580
250, 151, 120, 420
250, 151, 120, 420
80, 167, 161, 400
80, 167, 161, 400
89, 25, 550, 405
89, 25, 550, 405
1, 27, 225, 326
1, 27, 225, 326
0, 113, 78, 200
330, 131, 174, 213
330, 131, 174, 213
330, 131, 174, 213
0, 113, 78, 200
89, 139, 91, 178
89, 139, 91, 178
0, 113, 78, 200
70, 130, 129, 122
70, 130, 129, 122
329, 195, 227, 207
329, 195, 227, 207
123, 271, 161, 362
123, 271, 161, 362
173, 123, 147, 247
173, 123, 147, 247
136, 2, 158, 357
329, 99, 146, 253
136, 2, 158, 357
329, 99, 146, 253
214, 130, 136, 331
214, 130, 136, 331
214, 130, 136, 331
36, 431, 143, 198
174, 335, 128, 204
36, 431, 143, 198
36, 431, 143, 198
174, 335, 128, 204
6, 148, 143, 165
248, 172, 151, 110
6, 148, 143, 165
6, 148, 143, 165
248, 172, 151, 110
6, 148, 143, 165
136, 179, 106, 120
136, 179, 106, 120
1, 8, 186, 89
146, 188, 281, 185
414, 21, 207, 290
18, 27, 256, 332
414, 21, 207, 290
18, 27, 256, 332
301, 168, 90, 129
263, 108, 134, 407
2, 6, 330, 487
2, 6, 330, 487
0, 408, 82, 88
0, 408, 82, 88
174, 111, 273, 256
419, 28, 76, 73
0, 214, 177, 161
150, 80, 482, 312
0, 214, 177, 161
148, 61, 204, 230
284, 133, 182, 217
148, 61, 204, 230
30, 52, 579, 366
30, 52, 579, 366
28, 119, 112, 300
28, 119, 112, 300
107, 3, 408, 418
1, 49, 141, 376
107, 3, 408, 418
1, 49, 141, 376
1, 49, 141, 376
107, 3, 408, 418
29, 110, 585, 160
29, 110, 585, 160
225, 5, 369, 502
19, 30, 291, 488
225, 5, 369, 502
19, 30, 291, 488
434, 470, 45, 62
165, 58, 184, 233
165, 58, 184, 233
165, 58, 184, 233
165, 58, 184, 233
165, 58, 184, 233
165, 58, 184, 233
342, 6, 136, 240
47, 35, 174, 343
47, 35, 174, 343
47, 35, 174, 343
47, 35, 174, 343
81, 69, 144, 153
30, 54, 292, 443
30, 54, 292, 443
185, 130, 304, 282
347, 281, 132, 133
185, 130, 304, 282
357, 109, 116, 127
46, 7, 575, 434
46, 7, 575, 434
195, 381, 123, 175
195, 381, 123, 175
195, 381, 123, 175
195, 381, 123, 175
195, 381, 123, 175
79, 411, 113, 152
223, 118, 219, 169
223, 118, 219, 169
30, 161, 419, 291
363, 144, 102, 182
30, 161, 419, 291
363, 144, 102, 182
30, 161, 419, 291
30, 161, 419, 291
313, 137, 181, 174
313, 137, 181, 174
447, 267, 186, 115
246, 21, 161, 185
556, 0, 83, 148
282, 117, 214, 228
277, 16, 135, 344
68, 51, 69, 153
341, 83, 90, 130
68, 51, 69, 153
277, 16, 135, 344
341, 83, 90, 130
1, 108, 157, 176
331, 101, 162, 176
252, 78, 204, 266
252, 78, 204, 266
125, 32, 83, 229
252, 78, 204, 266
180, 188, 40, 89
44, 5, 322, 401
0, 276, 349, 279
180, 188, 40, 89
180, 188, 40, 89
73, 490, 403, 146
0, 276, 349, 279
0, 276, 349, 279
504, 138, 130, 279
212, 217, 179, 200
504, 138, 130, 279
212, 217, 179, 200
96, 122, 347, 177
341, 36, 169, 220
96, 122, 347, 177
96, 122, 347, 177
4, 81, 335, 327
206, 235, 15, 28
4, 81, 335, 327
4, 81, 335, 327
3, 225, 105, 98
2, 11, 173, 131
191, 253, 138, 327
191, 253, 138, 327
191, 253, 138, 327
500, 132, 45, 114
65, 223, 148, 188
243, 140, 102, 218
243, 140, 102, 218
105, 246, 27, 31
243, 140, 102, 218
182, 179, 392, 377
182, 179, 392, 377
433, 1, 205, 245
37, 77, 324, 259
64, 0, 163, 117
433, 1, 205, 245
64, 0, 163, 117
64, 0, 163, 117
64, 0, 163, 117
266, 0, 371, 221
266, 0, 371, 221
266, 0, 371, 221
266, 0, 371, 221
266, 0, 371, 221
201, 23, 263, 66
359, 168, 113, 173
2, 87, 292, 354
2, 87, 292, 354
280, 97, 198, 234
280, 97, 198, 234
505, 114, 134, 249
102, 41, 440, 348
102, 41, 440, 348
102, 41, 440, 348
214, 38, 289, 382
214, 38, 289, 382
143, 90, 159, 320
143, 90, 159, 320
310, 213, 284, 224
215, 6, 335, 204
215, 6, 335, 204
5, 215, 242, 212
19, 0, 269, 204
0, 0, 416, 465
19, 0, 269, 204
0, 0, 416, 465
173, 62, 199, 362
173, 62, 199, 362
347, 75, 233, 360
173, 62, 199, 362
173, 62, 199, 362
347, 75, 233, 360
173, 62, 199, 362
55, 2, 163, 115
38, 0, 453, 182
38, 0, 453, 182
38, 0, 453, 182
113, 281, 93, 46
219, 164, 74, 75
219, 164, 74, 75
113, 281, 93, 46
6, 78, 157, 134
6, 78, 157, 134
347, 109, 276, 230
347, 109, 276, 230
347, 109, 276, 230
322, 7, 138, 115
9, 157, 329, 316
186, 314, 176, 175
186, 314, 176, 175
77, 496, 168, 138
77, 496, 168, 138
108, 56, 285, 563
77, 496, 168, 138
77, 496, 168, 138
77, 496, 168, 138
108, 56, 285, 563
77, 496, 168, 138
8, 114, 249, 502
8, 114, 249, 502
8, 114, 249, 502
258, 280, 213, 288
0, 0, 125, 416
30, 10, 350, 410
0, 0, 125, 416
30, 10, 350, 410
0, 0, 125, 416
0, 0, 125, 416
591, 214, 15, 42
535, 219, 11, 35
591, 214, 15, 42
535, 219, 11, 35
236, 192, 84, 72
236, 192, 84, 72
277, 105, 108, 175
277, 105, 108, 175
423, 89, 90, 262
423, 89, 90, 262
124, 192, 215, 124
281, 280, 147, 148
281, 280, 147, 148
124, 192, 215, 124
334, 133, 104, 315
45, 84, 288, 525
159, 26, 451, 358
105, 27, 290, 206
246, 102, 341, 215
444, 86, 136, 18
340, 19, 72, 91
444, 86, 136, 18
444, 86, 136, 18
526, 246, 113, 174
318, 18, 218, 341
153, 161, 79, 158
404, 228, 89, 110
0, 0, 629, 480
316, 202, 178, 193
259, 93, 129, 250
316, 202, 178, 193
459, 147, 158, 265
259, 93, 129, 250
459, 147, 158, 265
292, 126, 223, 298
292, 126, 223, 298
292, 126, 223, 298
292, 126, 223, 298
394, 234, 136, 188
394, 234, 136, 188
325, 199, 200, 167
325, 199, 200, 167
288, 201, 113, 84
325, 199, 200, 167
208, 320, 139, 110
208, 320, 139, 110
119, 328, 211, 161
119, 328, 211, 161
119, 328, 211, 161
153, 271, 182, 178
165, 198, 230, 220
165, 198, 230, 220
165, 198, 230, 220
165, 198, 230, 220
206, 191, 180, 221
318, 182, 174, 144
206, 191, 180, 221
206, 191, 180, 221
242, 333, 180, 204
242, 333, 180, 204
57, 373, 169, 164
54, 134, 395, 371
135, 188, 26, 42
319, 115, 118, 153
319, 115, 118, 153
319, 115, 118, 153
319, 115, 118, 153
221, 69, 272, 215
93, 76, 250, 248
221, 69, 272, 215
93, 76, 250, 248
38, 0, 112, 202
38, 0, 112, 202
38, 0, 112, 202
142, 185, 242, 449
142, 185, 242, 449
142, 185, 242, 449
370, 1, 68, 154
284, 208, 28, 57
284, 208, 28, 57
171, 6, 186, 318
171, 6, 186, 318
284, 208, 28, 57
136, 135, 139, 90
570, 166, 44, 56
186, 367, 99, 177
296, 367, 71, 216
186, 367, 99, 177
228, 90, 94, 216
228, 90, 94, 216
383, 73, 121, 69
383, 73, 121, 69
9, 0, 626, 474
9, 0, 626, 474
125, 190, 90, 191
125, 190, 90, 191
362, 187, 248, 187
362, 187, 248, 187
73, 51, 322, 417
2, 31, 383, 387
2, 31, 383, 387
315, 123, 309, 295
315, 123, 309, 295
79, 133, 115, 325
242, 116, 131, 361
79, 133, 115, 325
79, 133, 115, 325
19, 144, 144, 325
19, 144, 144, 325
79, 133, 115, 325
79, 133, 115, 325
63, 244, 205, 58
63, 244, 205, 58
376, 233, 122, 256
376, 233, 122, 256
212, 256, 94, 319
117, 262, 88, 255
212, 256, 94, 319
212, 256, 94, 319
150, 334, 160, 158
439, 26, 173, 148
225, 132, 96, 400
344, 233, 82, 248
84, 276, 160, 224
225, 132, 96, 400
84, 276, 160, 224
84, 276, 160, 224
161, 129, 216, 286
161, 129, 216, 286
161, 129, 216, 286
161, 129, 216, 286
161, 129, 216, 286
161, 129, 216, 286
4, 163, 346, 98
333, 184, 262, 51
4, 163, 346, 98
333, 184, 262, 51
169, 118, 239, 237
169, 118, 239, 237
47, 94, 240, 259
276, 124, 336, 234
47, 94, 240, 259
169, 118, 239, 237
87, 268, 392, 366
141, 103, 261, 272
87, 268, 392, 366
87, 268, 392, 366
241, 185, 152, 106
241, 185, 152, 106
241, 185, 152, 106
241, 185, 152, 106
162, 111, 76, 216
162, 111, 76, 216
269, 142, 115, 177
0, 212, 129, 136
0, 212, 129, 136
1, 84, 212, 173
216, 70, 162, 95
216, 70, 162, 95
216, 70, 162, 95
1, 84, 212, 173
212, 210, 165, 333
208, 225, 94, 300
232, 183, 278, 437
208, 225, 94, 300
207, 151, 107, 114
113, 173, 96, 92
113, 173, 96, 92
113, 173, 96, 92
113, 173, 96, 92
207, 151, 107, 114
23, 77, 616, 345
206, 228, 211, 162
260, 0, 280, 132
23, 77, 616, 345
117, 65, 143, 118
13, 481, 409, 146
363, 322, 274, 71
363, 322, 274, 71
301, 75, 153, 178
205, 198, 105, 119
205, 198, 105, 119
147, 24, 120, 268
301, 75, 153, 178
205, 198, 105, 119
169, 141, 50, 112
169, 141, 50, 112
6, 224, 115, 91
484, 133, 131, 178
255, 131, 96, 185
484, 133, 131, 178
255, 131, 96, 185
255, 131, 96, 185
246, 94, 120, 82
362, 237, 79, 91
0, 16, 629, 447
246, 94, 120, 82
246, 94, 120, 82
246, 94, 120, 82
246, 94, 120, 82
0, 16, 629, 447
246, 94, 120, 82
246, 94, 120, 82
127, 216, 56, 61
313, 126, 62, 166
0, 132, 60, 289
328, 351, 31, 7
412, 193, 186, 241
412, 193, 186, 241
163, 309, 114, 90
1, 262, 101, 350
1, 262, 101, 350
1, 262, 101, 350
1, 262, 101, 350
0, 17, 66, 280
0, 17, 66, 280
68, 52, 455, 369
447, 41, 178, 369
129, 122, 213, 192
129, 122, 213, 192
259, 46, 205, 266
259, 46, 205, 266
361, 128, 60, 150
235, 115, 50, 91
361, 128, 60, 150
206, 7, 59, 95
361, 128, 60, 150
235, 115, 50, 91
150, 6, 53, 103
150, 6, 53, 103
218, 31, 38, 94
527, 34, 61, 76
377, 73, 133, 247
377, 73, 133, 247
1, 101, 144, 44
1, 101, 144, 44
122, 39, 63, 20
249, 191, 44, 100
1, 101, 144, 44
122, 39, 63, 20
26, 108, 371, 318
26, 108, 371, 318
26, 108, 371, 318
0, 179, 45, 243
334, 114, 135, 310
50, 76, 438, 245
65, 68, 285, 197
65, 68, 285, 197
32, 143, 355, 283
32, 143, 355, 283
199, 340, 44, 66
0, 48, 128, 368
331, 103, 164, 259
331, 103, 164, 259
202, 22, 117, 292
233, 109, 184, 206
104, 210, 160, 120
1, 153, 92, 177
233, 109, 184, 206
1, 153, 92, 177
104, 210, 160, 120
344, 441, 72, 198
80, 266, 145, 337
0, 321, 473, 309
542, 229, 95, 177
542, 229, 95, 177
140, 138, 90, 197
581, 366, 30, 112
536, 365, 48, 116
536, 365, 48, 116
192, 167, 122, 80
581, 366, 30, 112
381, 5, 118, 205
7, 2, 94, 156
7, 2, 94, 156
7, 2, 94, 156
66, 172, 222, 188
66, 172, 222, 188
381, 5, 118, 205
70, 367, 403, 75
70, 367, 403, 75
151, 125, 92, 139
154, 90, 155, 323
394, 116, 120, 218
394, 116, 120, 218
563, 195, 40, 118
266, 168, 122, 205
48, 250, 175, 163
48, 250, 175, 163
283, 103, 115, 218
283, 103, 115, 218
283, 103, 115, 218
283, 103, 115, 218
356, 152, 283, 323
356, 152, 283, 323
117, 168, 254, 300
117, 168, 254, 300
222, 13, 248, 201
131, 3, 143, 71
222, 13, 248, 201
222, 13, 248, 201
222, 13, 248, 201
222, 13, 248, 201
222, 13, 248, 201
271, 242, 44, 42
21, 113, 207, 50
51, 294, 131, 257
51, 294, 131, 257
4, 404, 473, 233
155, 212, 87, 115
264, 203, 84, 111
155, 212, 87, 115
108, 169, 61, 107
252, 143, 122, 203
224, 119, 71, 120
102, 271, 130, 138
8, 49, 252, 209
348, 30, 259, 211
102, 271, 130, 138
8, 49, 252, 209
242, 132, 131, 128
480, 2, 151, 230
1, 0, 126, 219
1, 0, 126, 219
1, 0, 126, 219
480, 2, 151, 230
1, 0, 126, 219
480, 2, 151, 230
0, 224, 55, 106
32, 271, 192, 148
391, 257, 166, 162
32, 271, 192, 148
5, 190, 247, 151
314, 194, 262, 131
314, 194, 262, 131
5, 190, 247, 151
314, 194, 262, 131
314, 194, 262, 131
103, 40, 214, 164
103, 40, 214, 164
103, 40, 214, 164
103, 40, 214, 164
103, 40, 214, 164
216, 5, 274, 243
107, 105, 155, 154
3, 193, 96, 128
3, 193, 96, 128
216, 5, 274, 243
10, 231, 63, 41
52, 124, 496, 151
337, 3, 162, 388
337, 3, 162, 388
231, 0, 144, 147
337, 3, 162, 388
32, 109, 391, 312
216, 10, 318, 413
32, 109, 391, 312
216, 10, 318, 413
0, 0, 237, 480
0, 0, 237, 480
0, 0, 237, 480
263, 1, 243, 291
263, 1, 243, 291
0, 0, 237, 480
432, 167, 48, 51
432, 167, 48, 51
0, 189, 77, 47
0, 189, 77, 47
0, 189, 77, 47
0, 189, 77, 47
0, 189, 77, 47
0, 189, 77, 47
90, 58, 231, 272
90, 58, 231, 272
299, 174, 26, 13
299, 174, 26, 13
90, 58, 231, 272
306, 87, 144, 240
299, 174, 26, 13
306, 87, 144, 240
2, 157, 282, 122
2, 157, 282, 122
75, 136, 530, 245
75, 136, 530, 245
6, 331, 126, 187
343, 105, 296, 301
264, 1, 235, 198
175, 193, 119, 86
111, 92, 110, 113
111, 92, 110, 113
216, 8, 105, 200
175, 193, 119, 86
111, 92, 110, 113
45, 27, 594, 391
0, 126, 83, 121
231, 110, 108, 255
231, 110, 108, 255
231, 110, 108, 255
141, 109, 109, 269
81, 175, 159, 372
81, 175, 159, 372
81, 175, 159, 372
338, 80, 235, 218
338, 80, 235, 218
338, 80, 235, 218
338, 80, 235, 218
338, 80, 235, 218
338, 80, 235, 218
338, 80, 235, 218
338, 80, 235, 218
0, 79, 117, 159
338, 80, 235, 218
8, 315, 190, 108
129, 221, 223, 180
207, 49, 172, 163
207, 49, 172, 163
138, 43, 252, 438
138, 43, 252, 438
364, 97, 62, 188
0, 120, 55, 192
174, 78, 369, 494
174, 78, 369, 494
3, 31, 376, 536
332, 358, 282, 220
3, 31, 376, 536
3, 31, 376, 536
135, 240, 40, 103
171, 224, 37, 95
219, 214, 26, 48
135, 240, 40, 103
173, 126, 436, 250
0, 167, 198, 129
173, 126, 436, 250
326, 183, 211, 282
326, 183, 211, 282
280, 182, 116, 202
418, 198, 148, 223
280, 182, 116, 202
418, 198, 148, 223
0, 117, 172, 325
280, 182, 116, 202
418, 198, 148, 223
418, 198, 148, 223
280, 182, 116, 202
85, 212, 97, 234
85, 212, 97, 234
207, 465, 173, 129
159, 383, 19, 19
159, 383, 19, 19
207, 465, 173, 129
279, 194, 160, 143
279, 194, 160, 143
0, 40, 103, 274
0, 40, 103, 274
443, 196, 196, 278
443, 196, 196, 278
148, 110, 430, 315
148, 110, 430, 315
116, 155, 276, 267
148, 110, 430, 315
4, 9, 234, 490
4, 9, 234, 490
4, 9, 234, 490
185, 301, 139, 193
390, 100, 95, 97
100, 142, 71, 195
100, 142, 71, 195
100, 142, 71, 195
30, 28, 594, 270
30, 28, 594, 270
30, 28, 594, 270
132, 91, 152, 369
258, 21, 167, 498
258, 21, 167, 498
132, 91, 152, 369
112, 16, 196, 292
112, 16, 196, 292
112, 16, 196, 292
140, 164, 166, 190
170, 348, 142, 263
84, 97, 223, 226
170, 348, 142, 263
87, 88, 246, 481
313, 51, 160, 96
313, 51, 160, 96
130, 2, 122, 70
313, 51, 160, 96
205, 189, 43, 68
247, 187, 361, 233
170, 303, 112, 101
203, 46, 38, 45
132, 110, 212, 331
337, 54, 179, 345
132, 110, 212, 331
132, 110, 212, 331
132, 202, 246, 337
132, 202, 246, 337
73, 196, 86, 154
73, 196, 86, 154
318, 225, 144, 252
45, 50, 144, 227
45, 50, 144, 227
318, 225, 144, 252
136, 20, 351, 305
136, 20, 351, 305
430, 371, 180, 103
430, 371, 180, 103
37, 32, 78, 128
37, 32, 78, 128
9, 291, 291, 132
9, 291, 291, 132
9, 291, 291, 132
9, 291, 291, 132
9, 291, 291, 132
14, 112, 449, 233
248, 101, 389, 260
9, 291, 291, 132
147, 290, 114, 166
147, 290, 114, 166
169, 252, 123, 164
115, 4, 240, 364
43, 187, 366, 281
43, 187, 366, 281
43, 187, 366, 281
43, 187, 366, 281
91, 112, 10, 30
93, 213, 53, 52
438, 228, 98, 193
438, 228, 98, 193
179, 128, 145, 229
47, 122, 578, 187
47, 122, 578, 187
253, 146, 104, 156
251, 256, 115, 132
251, 256, 115, 132
253, 146, 104, 156
144, 351, 70, 96
144, 351, 70, 96
215, 84, 120, 302
54, 65, 194, 351
215, 84, 120, 302
54, 65, 194, 351
83, 144, 259, 277
2, 328, 154, 94
299, 86, 339, 334
83, 144, 259, 277
299, 86, 339, 334
2, 328, 154, 94
2, 23, 351, 445
2, 23, 351, 445
2, 23, 351, 445
305, 32, 334, 442
136, 243, 180, 92
147, 151, 163, 95
136, 243, 180, 92
136, 243, 180, 92
268, 145, 89, 296
268, 145, 89, 296
268, 145, 89, 296
162, 122, 98, 321
180, 12, 322, 462
380, 101, 258, 376
380, 101, 258, 376
180, 12, 322, 462
1, 121, 253, 351
380, 101, 258, 376
239, 28, 149, 388
239, 28, 149, 388
239, 28, 149, 388
537, 9, 101, 281
3, 257, 145, 177
3, 257, 145, 177
3, 257, 145, 177
3, 257, 145, 177
18, 158, 231, 378
18, 158, 231, 378
18, 158, 231, 378
18, 158, 231, 378
35, 196, 182, 182
35, 196, 182, 182
35, 196, 182, 182
35, 196, 182, 182
35, 196, 182, 182
420, 175, 218, 250
33, 26, 528, 389
33, 26, 528, 389
253, 72, 366, 314
33, 26, 528, 389
84, 82, 97, 267
84, 82, 97, 267
58, 95, 418, 324
58, 95, 418, 324
58, 95, 418, 324
58, 95, 418, 324
466, 10, 128, 221
466, 10, 128, 221
11, 105, 571, 474
180, 55, 117, 160
180, 55, 117, 160
11, 105, 571, 474
107, 126, 219, 172
107, 126, 219, 172
135, 267, 152, 276
135, 267, 152, 276
135, 267, 152, 276
87, 114, 151, 112
135, 267, 152, 276
200, 114, 158, 241
476, 113, 79, 222
476, 113, 79, 222
200, 114, 158, 241
325, 78, 92, 220
476, 113, 79, 222
68, 142, 81, 194
68, 142, 81, 194
27, 153, 219, 161
218, 102, 171, 108
27, 153, 219, 161
218, 102, 171, 108
27, 153, 219, 161
218, 102, 171, 108
180, 20, 128, 230
42, 8, 128, 249
84, 146, 161, 122
84, 146, 161, 122
342, 223, 123, 119
462, 262, 112, 177
358, 118, 139, 113
40, 181, 180, 95
358, 118, 139, 113
358, 118, 139, 113
170, 1, 62, 184
170, 1, 62, 184
132, 75, 450, 264
132, 75, 450, 264
352, 116, 138, 216
432, 6, 207, 464
432, 6, 207, 464
155, 32, 114, 148
155, 32, 114, 148
0, 22, 285, 233
155, 32, 114, 148
170, 217, 347, 257
342, 60, 250, 213
155, 32, 114, 148
170, 217, 347, 257
170, 217, 347, 257
155, 32, 114, 148
155, 32, 114, 148
0, 22, 285, 233
16, 49, 327, 322
16, 49, 327, 322
218, 46, 281, 319
371, 211, 47, 47
110, 271, 181, 129
250, 210, 89, 151
25, 16, 488, 400
538, 130, 60, 254
25, 16, 488, 400
571, 67, 68, 332
25, 16, 488, 400
39, 2, 399, 201
300, 105, 251, 245
306, 48, 43, 33
211, 38, 88, 194
68, 31, 77, 201
68, 31, 77, 201
137, 59, 70, 170
137, 59, 70, 170
255, 57, 259, 321
255, 57, 259, 321
330, 87, 275, 324
46, 40, 226, 380
14, 96, 124, 186
139, 181, 53, 75
281, 77, 216, 552
281, 77, 216, 552
253, 127, 201, 187
253, 127, 201, 187
253, 127, 201, 187
253, 127, 201, 187
8, 143, 263, 267
8, 143, 263, 267
157, 376, 98, 66
124, 138, 114, 245
124, 138, 114, 245
7, 246, 88, 82
0, 0, 592, 594
458, 180, 71, 139
369, 168, 77, 226
150, 184, 210, 132
150, 184, 210, 132
150, 184, 210, 132
334, 0, 201, 136
0, 63, 480, 560
6, 93, 232, 372
13, 70, 515, 217
13, 70, 515, 217
0, 265, 75, 74
6, 218, 189, 135
6, 218, 189, 135
385, 99, 126, 126
385, 99, 126, 126
399, 2, 94, 222
399, 2, 94, 222
208, 187, 106, 49
208, 187, 106, 49
208, 187, 106, 49
83, 61, 75, 210
83, 61, 75, 210
15, 22, 338, 305
15, 22, 338, 305
15, 22, 338, 305
15, 22, 338, 305
494, 238, 126, 88
494, 238, 126, 88
93, 140, 163, 247
93, 140, 163, 247
93, 140, 163, 247
93, 140, 163, 247
93, 140, 163, 247
93, 140, 163, 247
59, 305, 344, 273
59, 305, 344, 273
251, 137, 78, 238
251, 137, 78, 238
359, 28, 200, 373
359, 28, 200, 373
437, 82, 61, 206
429, 269, 13, 20
429, 269, 13, 20
429, 269, 13, 20
125, 4, 332, 318
201, 3, 405, 351
357, 329, 32, 29
160, 143, 14, 14
82, 122, 41, 43
160, 143, 14, 14
431, 138, 43, 44
369, 6, 122, 81
0, 0, 640, 383
369, 6, 122, 81
209, 218, 86, 70
209, 218, 86, 70
209, 218, 86, 70
259, 135, 167, 327
259, 135, 167, 327
259, 135, 167, 327
259, 135, 167, 327
298, 144, 168, 169
298, 144, 168, 169
329, 103, 225, 266
70, 130, 89, 104
404, 100, 162, 303
21, 214, 193, 233
68, 282, 130, 225
68, 282, 130, 225
68, 282, 130, 225
296, 169, 155, 360
44, 22, 243, 262
349, 251, 128, 114
44, 22, 243, 262
44, 22, 243, 262
44, 22, 243, 262
344, 125, 123, 119
338, 13, 136, 111
338, 13, 136, 111
344, 125, 123, 119
58, 32, 271, 436
438, 10, 198, 245
438, 10, 198, 245
17, 224, 224, 255
17, 224, 224, 255
58, 32, 271, 436
147, 213, 297, 269
71, 68, 514, 406
71, 68, 514, 406
147, 213, 297, 269
402, 176, 237, 92
38, 177, 263, 95
402, 176, 237, 92
0, 6, 137, 259
58, 234, 337, 383
58, 234, 337, 383
58, 234, 337, 383
58, 234, 337, 383
58, 234, 337, 383
58, 234, 337, 383
381, 173, 221, 210
558, 212, 80, 107
447, 195, 98, 143
447, 195, 98, 143
134, 89, 174, 296
535, 79, 104, 336
134, 89, 174, 296
134, 89, 174, 296
134, 89, 174, 296
535, 79, 104, 336
114, 137, 325, 305
114, 137, 325, 305
408, 101, 124, 114
408, 101, 124, 114
127, 101, 208, 170
69, 129, 70, 229
396, 34, 80, 323
396, 34, 80, 323
133, 113, 79, 233
379, 108, 149, 137
379, 108, 149, 137
22, 149, 116, 96
115, 85, 319, 205
0, 62, 620, 414
149, 26, 105, 223
77, 0, 72, 136
402, 22, 108, 231
77, 0, 72, 136
149, 26, 105, 223
70, 114, 231, 186
536, 106, 57, 72
536, 106, 57, 72
536, 106, 57, 72
231, 22, 140, 217
83, 0, 92, 161
368, 28, 76, 135
368, 28, 76, 135
83, 0, 92, 161
83, 0, 92, 161
368, 28, 76, 135
83, 0, 92, 161
113, 114, 150, 255
113, 114, 150, 255
113, 114, 150, 255
113, 114, 150, 255
307, 305, 124, 113
214, 382, 144, 95
214, 382, 144, 95
214, 382, 144, 95
0, 76, 640, 290
43, 12, 143, 97
491, 74, 76, 203
491, 74, 76, 203
491, 74, 76, 203
95, 139, 180, 311
161, 32, 352, 349
161, 32, 352, 349
161, 32, 352, 349
11, 69, 165, 138
11, 69, 165, 138
428, 44, 86, 226
428, 44, 86, 226
63, 6, 287, 284
361, 118, 129, 95
63, 6, 287, 284
361, 118, 129, 95
361, 118, 129, 95
361, 118, 129, 95
224, 141, 121, 83
224, 141, 121, 83
108, 448, 328, 185
108, 448, 328, 185
1, 96, 437, 539
83, 145, 159, 145
83, 145, 159, 145
197, 131, 142, 163
197, 131, 142, 163
155, 0, 413, 189
3, 2, 159, 124
155, 0, 413, 189
517, 329, 86, 96
507, 356, 132, 120
329, 355, 156, 120
507, 356, 132, 120
329, 355, 156, 120
10, 121, 323, 344
10, 121, 323, 344
252, 0, 383, 468
252, 0, 383, 468
408, 148, 78, 195
175, 118, 222, 295
175, 118, 222, 295
408, 148, 78, 195
148, 155, 142, 168
148, 155, 142, 168
148, 155, 142, 168
148, 155, 142, 168
148, 155, 142, 168
490, 31, 149, 329
269, 19, 369, 400
490, 31, 149, 329
269, 19, 369, 400
490, 31, 149, 329
490, 31, 149, 329
110, 69, 286, 181
356, 84, 224, 190
108, 253, 132, 129
108, 253, 132, 129
108, 253, 132, 129
108, 253, 132, 129
108, 253, 132, 129
108, 253, 132, 129
6, 410, 215, 120
6, 410, 215, 120
2, 240, 324, 388
63, 198, 251, 254
204, 0, 407, 313
204, 0, 407, 313
272, 2, 170, 373
272, 2, 170, 373
115, 211, 85, 178
115, 211, 85, 178
172, 102, 98, 211
172, 102, 98, 211
163, 114, 107, 239
44, 72, 93, 289
214, 40, 51, 294
163, 114, 107, 239
44, 72, 93, 289
214, 40, 51, 294
114, 2, 266, 339
114, 2, 266, 339
114, 2, 266, 339
389, 147, 247, 274
389, 147, 247, 274
114, 2, 266, 339
14, 15, 197, 200
176, 233, 312, 262
41, 63, 250, 548
140, 236, 45, 131
41, 63, 250, 548
140, 236, 45, 131
239, 53, 180, 320
394, 48, 164, 274
394, 48, 164, 274
239, 53, 180, 320
11, 334, 316, 295
11, 334, 316, 295
11, 334, 316, 295
11, 334, 316, 295
340, 12, 297, 410
340, 12, 297, 410
543, 46, 33, 23
224, 27, 210, 171
48, 12, 204, 251
224, 27, 210, 171
224, 27, 210, 171
48, 12, 204, 251
149, 148, 231, 244
149, 148, 231, 244
149, 148, 231, 244
149, 148, 231, 244
431, 359, 48, 84
32, 417, 246, 146
32, 417, 246, 146
32, 417, 246, 146
32, 417, 246, 146
155, 346, 270, 174
17, 231, 202, 250
17, 231, 202, 250
155, 346, 270, 174
42, 123, 492, 199
68, 122, 319, 152
68, 122, 319, 152
42, 123, 492, 199
7, 53, 304, 306
7, 53, 304, 306
7, 53, 304, 306
7, 53, 304, 306
388, 113, 214, 66
210, 287, 205, 139
205, 124, 225, 301
42, 105, 441, 215
42, 105, 441, 215
2, 108, 143, 200
42, 105, 441, 215
42, 105, 441, 215
42, 105, 441, 215
374, 31, 245, 424
2, 239, 211, 229
374, 31, 245, 424
374, 31, 245, 424
247, 276, 186, 77
247, 276, 186, 77
19, 198, 18, 36
247, 276, 186, 77
247, 276, 186, 77
247, 276, 186, 77
80, 97, 456, 299
80, 97, 456, 299
80, 97, 456, 299
80, 97, 456, 299
80, 97, 456, 299
80, 97, 456, 299
80, 97, 456, 299
80, 97, 456, 299
74, 64, 60, 170
74, 64, 60, 170
148, 31, 229, 231
148, 31, 229, 231
515, 204, 105, 206
515, 204, 105, 206
391, 106, 246, 242
8, 89, 195, 258
391, 106, 246, 242
391, 106, 246, 242
310, 153, 61, 28
310, 153, 61, 28
65, 150, 122, 163
255, 20, 378, 396
0, 120, 221, 299
0, 120, 221, 299
255, 20, 378, 396
30, 355, 607, 120
416, 0, 223, 449
416, 0, 223, 449
416, 0, 223, 449
149, 28, 395, 383
30, 355, 607, 120
149, 28, 395, 383
416, 0, 223, 449
0, 102, 296, 395
0, 102, 296, 395
0, 123, 129, 209
74, 399, 154, 113
182, 120, 232, 276
210, 27, 71, 72
398, 40, 136, 128
517, 109, 45, 46
517, 109, 45, 46
365, 3, 198, 266
517, 109, 45, 46
295, 93, 30, 89
467, 46, 132, 342
391, 7, 117, 198
213, 204, 154, 219
213, 204, 154, 219
370, 152, 130, 232
473, 275, 64, 37
88, 323, 62, 37
111, 43, 136, 132
317, 48, 136, 141
459, 196, 134, 173
195, 44, 109, 201
459, 196, 134, 173
459, 196, 134, 173
13, 61, 223, 336
459, 196, 134, 173
459, 196, 134, 173
49, 11, 413, 624
49, 11, 413, 624
49, 11, 413, 624
49, 11, 413, 624
49, 11, 413, 624
178, 120, 207, 357
178, 120, 207, 357
178, 120, 207, 357
178, 120, 207, 357
52, 7, 140, 152
371, 194, 239, 248
52, 7, 140, 152
371, 194, 239, 248
107, 142, 115, 154
210, 147, 121, 129
210, 147, 121, 129
210, 147, 121, 129
341, 226, 175, 187
341, 226, 175, 187
341, 226, 175, 187
341, 226, 175, 187
41, 98, 307, 455
41, 98, 307, 455
55, 47, 149, 436
41, 98, 307, 455
41, 98, 307, 455
41, 98, 307, 455
328, 251, 269, 228
328, 251, 269, 228
275, 541, 87, 97
117, 18, 157, 232
194, 28, 44, 125
0, 1, 491, 451
434, 248, 21, 94
0, 1, 491, 451
421, 43, 22, 57
253, 304, 11, 27
352, 310, 30, 14
253, 304, 11, 27
94, 177, 118, 205
94, 177, 118, 205
0, 143, 78, 97
424, 199, 152, 183
71, 190, 107, 239
0, 26, 184, 175
144, 0, 335, 99
0, 26, 184, 175
144, 0, 335, 99
323, 222, 105, 128
54, 7, 175, 233
54, 7, 175, 233
323, 222, 105, 128
494, 6, 141, 286
107, 2, 114, 186
494, 6, 141, 286
494, 6, 141, 286
494, 6, 141, 286
107, 2, 114, 186
274, 80, 207, 209
274, 80, 207, 209
114, 35, 242, 255
0, 215, 112, 146
0, 215, 112, 146
0, 215, 112, 146
0, 215, 112, 146
0, 215, 112, 146
0, 215, 112, 146
396, 171, 122, 55
396, 171, 122, 55
4, 90, 263, 279
4, 90, 263, 279
265, 108, 195, 252
495, 102, 142, 237
396, 171, 122, 55
396, 171, 122, 55
265, 108, 195, 252
4, 90, 263, 279
4, 90, 263, 279
284, 168, 143, 234
0, 3, 328, 405
0, 3, 328, 405
0, 3, 328, 405
284, 168, 143, 234
310, 76, 319, 345
235, 145, 92, 191
10, 2, 189, 85
306, 126, 213, 268
235, 145, 92, 191
10, 2, 189, 85
456, 0, 177, 160
456, 0, 177, 160
242, 313, 133, 164
242, 313, 133, 164
0, 121, 58, 79
0, 121, 58, 79
35, 210, 105, 233
343, 70, 162, 234
175, 65, 151, 210
343, 70, 162, 234
343, 70, 162, 234
175, 65, 151, 210
343, 70, 162, 234
219, 131, 143, 211
408, 273, 231, 54
408, 273, 231, 54
219, 131, 143, 211
329, 203, 33, 35
378, 152, 252, 270
3, 302, 182, 111
378, 152, 252, 270
378, 152, 252, 270
329, 203, 33, 35
329, 203, 33, 35
0, 30, 370, 353
192, 47, 186, 448
192, 47, 186, 448
34, 41, 249, 446
132, 154, 206, 55
132, 154, 206, 55
34, 41, 249, 446
6, 132, 91, 490
455, 213, 123, 418
6, 132, 91, 490
381, 209, 134, 415
316, 395, 80, 226
6, 132, 91, 490
6, 132, 91, 490
381, 209, 134, 415
0, 9, 203, 181
0, 9, 203, 181
216, 112, 261, 525
256, 12, 223, 333
0, 9, 203, 181
216, 112, 261, 525
0, 9, 203, 181
256, 12, 223, 333
112, 152, 70, 56
178, 184, 102, 86
112, 152, 70, 56
3, 57, 466, 317
3, 57, 466, 317
245, 175, 180, 192
44, 234, 329, 166
44, 234, 329, 166
17, 130, 501, 305
0, 126, 213, 143
0, 126, 213, 143
17, 130, 501, 305
76, 59, 455, 361
532, 172, 107, 253
76, 59, 455, 361
76, 59, 455, 361
76, 59, 455, 361
18, 75, 124, 294
37, 59, 410, 435
354, 82, 236, 327
37, 59, 410, 435
18, 75, 124, 294
354, 82, 236, 327
0, 30, 67, 81
0, 30, 67, 81
129, 40, 31, 55
146, 2, 79, 132
0, 30, 67, 81
146, 2, 79, 132
146, 2, 79, 132
0, 30, 67, 81
85, 223, 229, 416
85, 223, 229, 416
61, 144, 334, 473
78, 67, 224, 342
78, 67, 224, 342
61, 144, 334, 473
78, 67, 224, 342
244, 131, 34, 91
301, 78, 162, 294
351, 2, 144, 149
351, 2, 144, 149
248, 164, 144, 105
248, 164, 144, 105
507, 31, 82, 375
69, 32, 99, 377
323, 94, 20, 114
507, 31, 82, 375
507, 31, 82, 375
507, 31, 82, 375
185, 99, 91, 193
185, 99, 91, 193
265, 37, 174, 331
156, 258, 147, 58
231, 185, 129, 137
231, 185, 129, 137
218, 194, 253, 262
218, 194, 253, 262
529, 112, 110, 364
529, 112, 110, 364
529, 112, 110, 364
529, 112, 110, 364
529, 112, 110, 364
529, 112, 110, 364
426, 273, 136, 152
426, 273, 136, 152
470, 146, 167, 189
470, 146, 167, 189
278, 304, 32, 53
42, 103, 231, 242
202, 40, 95, 272
202, 40, 95, 272
37, 173, 330, 97
364, 194, 39, 31
0, 248, 115, 178
0, 248, 115, 178
325, 181, 76, 187
325, 181, 76, 187
107, 123, 232, 228
107, 123, 232, 228
0, 36, 499, 366
0, 36, 499, 366
44, 101, 293, 317
349, 156, 227, 266
349, 156, 227, 266
44, 101, 293, 317
5, 112, 77, 109
7, 81, 195, 418
7, 81, 195, 418
168, 16, 160, 483
94, 35, 163, 279
94, 35, 163, 279
263, 45, 214, 286
94, 35, 163, 279
488, 281, 96, 50
488, 281, 96, 50
49, 71, 163, 383
200, 299, 298, 172
49, 71, 163, 383
49, 71, 163, 383
360, 60, 240, 264
200, 299, 298, 172
488, 281, 96, 50
49, 71, 163, 383
200, 299, 298, 172
49, 71, 163, 383
55, 265, 120, 292
376, 296, 10, 33
458, 259, 21, 123
200, 264, 107, 259
200, 264, 107, 259
55, 265, 120, 292
206, 257, 28, 28
150, 236, 51, 143
391, 120, 170, 129
391, 120, 170, 129
434, 48, 56, 74
391, 120, 170, 129
391, 120, 170, 129
391, 120, 170, 129
44, 133, 176, 499
44, 133, 176, 499
462, 408, 21, 39
61, 0, 259, 27
61, 0, 259, 27
61, 0, 259, 27
235, 0, 374, 177
116, 187, 92, 61
116, 187, 92, 61
276, 6, 203, 154
0, 15, 133, 87
223, 36, 312, 166
223, 36, 312, 166
363, 125, 87, 158
344, 33, 61, 161
267, 124, 78, 179
485, 92, 70, 188
485, 92, 70, 188
344, 33, 61, 161
366, 221, 168, 112
84, 21, 319, 404
84, 21, 319, 404
448, 379, 70, 29
246, 124, 80, 312
171, 161, 83, 285
407, 149, 88, 290
407, 149, 88, 290
171, 161, 83, 285
171, 161, 83, 285
154, 274, 124, 97
154, 274, 124, 97
226, 69, 136, 260
324, 43, 92, 251
226, 69, 136, 260
226, 69, 136, 260
324, 43, 92, 251
226, 69, 136, 260
57, 50, 185, 360
382, 26, 217, 376
57, 50, 185, 360
57, 50, 185, 360
141, 269, 92, 109
163, 284, 154, 111
40, 70, 404, 393
40, 70, 404, 393
339, 6, 139, 172
194, 42, 119, 171
194, 42, 119, 171
194, 42, 119, 171
7, 7, 171, 375
175, 279, 220, 181
175, 279, 220, 181
342, 102, 297, 316
342, 102, 297, 316
14, 104, 364, 352
342, 102, 297, 316
291, 212, 348, 208
291, 212, 348, 208
91, 188, 270, 229
291, 212, 348, 208
1, 381, 149, 113
1, 381, 149, 113
29, 134, 152, 251
351, 47, 234, 199
351, 47, 234, 199
29, 134, 152, 251
262, 174, 377, 99
410, 196, 18, 15
384, 214, 140, 121
245, 231, 158, 115
167, 475, 108, 109
152, 307, 135, 137
230, 52, 74, 211
230, 52, 74, 211
230, 52, 74, 211
224, 343, 96, 55
0, 385, 61, 62
578, 246, 60, 143
578, 246, 60, 143
478, 146, 17, 38
478, 146, 17, 38
478, 146, 17, 38
578, 246, 60, 143
299, 164, 122, 311
299, 164, 122, 311
143, 126, 148, 350
143, 126, 148, 350
288, 135, 133, 120
288, 135, 133, 120
266, 185, 140, 175
114, 117, 136, 89
0, 93, 609, 284
0, 93, 609, 284
125, 0, 398, 391
125, 0, 398, 391
125, 0, 398, 391
296, 301, 171, 102
491, 325, 95, 96
555, 246, 84, 173
491, 325, 95, 96
469, 0, 104, 128
81, 68, 146, 299
81, 68, 146, 299
277, 68, 151, 305
277, 68, 151, 305
435, 273, 105, 34
435, 273, 105, 34
465, 113, 174, 194
66, 0, 271, 214
66, 0, 271, 214
66, 0, 271, 214
209, 230, 41, 120
340, 309, 18, 36
340, 309, 18, 36
111, 393, 241, 236
141, 100, 220, 290
141, 100, 220, 290
111, 393, 241, 236
0, 171, 427, 41
0, 171, 427, 41
0, 171, 427, 41
162, 192, 198, 148
162, 192, 198, 148
162, 192, 198, 148
162, 192, 198, 148
313, 140, 262, 333
89, 285, 51, 123
128, 227, 156, 246
406, 2, 191, 474
128, 227, 156, 246
128, 227, 156, 246
225, 90, 117, 264
128, 227, 156, 246
225, 90, 117, 264
406, 2, 191, 474
3, 50, 264, 319
233, 201, 95, 89
410, 43, 87, 195
3, 50, 264, 319
308, 81, 63, 70
410, 43, 87, 195
3, 50, 264, 319
3, 50, 264, 319
296, 218, 96, 171
296, 218, 96, 171
539, 178, 54, 50
48, 55, 146, 401
48, 55, 146, 401
77, 151, 185, 270
77, 151, 185, 270
77, 151, 185, 270
77, 151, 185, 270
0, 174, 305, 149
0, 174, 305, 149
0, 174, 305, 149
0, 174, 305, 149
2, 178, 260, 84
24, 169, 600, 182
24, 169, 600, 182
2, 178, 260, 84
322, 65, 146, 91
322, 65, 146, 91
322, 65, 146, 91
171, 158, 465, 256
171, 158, 465, 256
164, 121, 118, 176
164, 121, 118, 176
164, 121, 118, 176
164, 121, 118, 176
200, 32, 223, 159
28, 37, 179, 155
28, 37, 179, 155
200, 32, 223, 159
115, 137, 462, 247
4, 10, 422, 366
115, 137, 462, 247
115, 137, 462, 247
74, 74, 262, 302
300, 169, 84, 251
356, 123, 101, 301
300, 169, 84, 251
74, 74, 262, 302
356, 123, 101, 301
2, 156, 166, 322
410, 399, 54, 52
410, 399, 54, 52
295, 59, 113, 379
410, 399, 54, 52
295, 59, 113, 379
417, 109, 175, 342
417, 109, 175, 342
2, 156, 166, 322
410, 399, 54, 52
201, 92, 22, 24
109, 14, 212, 484
0, 234, 365, 103
0, 234, 365, 103
0, 234, 365, 103
0, 18, 612, 580
0, 18, 612, 580
367, 31, 241, 336
60, 28, 268, 549
60, 28, 268, 549
60, 28, 268, 549
244, 9, 182, 524
128, 194, 91, 53
128, 194, 91, 53
525, 2, 107, 182
469, 108, 169, 243
525, 2, 107, 182
163, 90, 345, 344
163, 90, 345, 344
525, 2, 107, 182
97, 74, 446, 102
97, 74, 446, 102
476, 161, 114, 48
181, 159, 411, 52
476, 161, 114, 48
12, 145, 546, 81
181, 170, 241, 462
181, 170, 241, 462
181, 170, 241, 462
0, 317, 188, 322
289, 357, 106, 161
289, 357, 106, 161
224, 182, 111, 196
224, 182, 111, 196
224, 182, 111, 196
244, 119, 200, 519
244, 119, 200, 519
30, 264, 217, 244
30, 264, 217, 244
290, 391, 20, 34
290, 391, 20, 34
117, 106, 90, 77
117, 106, 90, 77
98, 152, 150, 269
169, 254, 231, 315
17, 122, 301, 275
17, 122, 301, 275
160, 161, 132, 182
98, 351, 154, 209
160, 161, 132, 182
160, 161, 132, 182
9, 225, 137, 281
9, 225, 137, 281
160, 161, 132, 182
334, 200, 146, 243
334, 200, 146, 243
98, 351, 154, 209
10, 119, 232, 386
224, 106, 344, 461
224, 106, 344, 461
10, 119, 232, 386
426, 165, 213, 205
193, 219, 89, 56
103, 161, 212, 55
43, 236, 520, 196
239, 37, 21, 107
239, 37, 21, 107
43, 236, 520, 196
161, 51, 91, 97
158, 53, 127, 174
161, 51, 91, 97
161, 51, 91, 97
0, 146, 20, 96
16, 204, 613, 435
16, 204, 613, 435
16, 204, 613, 435
5, 10, 234, 240
5, 10, 234, 240
34, 234, 334, 174
214, 13, 170, 278
137, 147, 501, 269
137, 147, 501, 269
120, 277, 54, 43
385, 158, 24, 94
385, 158, 24, 94
385, 158, 24, 94
257, 108, 144, 262
257, 108, 144, 262
117, 201, 331, 214
117, 201, 331, 214
471, 139, 105, 46
208, 249, 68, 100
140, 33, 77, 146
0, 39, 59, 224
56, 118, 240, 212
56, 118, 240, 212
56, 118, 240, 212
56, 118, 240, 212
0, 107, 133, 354
142, 425, 171, 46
142, 425, 171, 46
0, 107, 133, 354
54, 55, 416, 493
54, 55, 416, 493
54, 55, 416, 493
54, 55, 416, 493
387, 1, 16, 29
387, 1, 16, 29
81, 422, 249, 214
186, 40, 214, 345
217, 254, 254, 195
213, 409, 260, 129
81, 422, 249, 214
217, 254, 254, 195
217, 254, 254, 195
217, 254, 254, 195
213, 409, 260, 129
186, 40, 214, 345
360, 239, 116, 260
360, 239, 116, 260
360, 239, 116, 260
102, 135, 294, 459
148, 193, 109, 136
298, 306, 42, 19
107, 137, 58, 284
107, 137, 58, 284
384, 358, 132, 118
318, 220, 98, 227
384, 358, 132, 118
318, 220, 98, 227
98, 174, 57, 179
556, 178, 22, 57
343, 54, 167, 134
343, 54, 167, 134
1, 172, 218, 152
1, 172, 218, 152
273, 146, 189, 123
1, 172, 218, 152
283, 440, 80, 161
123, 140, 138, 155
123, 140, 138, 155
123, 140, 138, 155
123, 140, 138, 155
93, 212, 239, 280
93, 212, 239, 280
221, 52, 410, 249
0, 70, 632, 337
221, 52, 410, 249
0, 70, 632, 337
111, 343, 69, 136
111, 343, 69, 136
111, 343, 69, 136
170, 335, 113, 156
0, 160, 162, 169
198, 204, 217, 258
198, 204, 217, 258
0, 160, 162, 169
198, 204, 217, 258
0, 160, 162, 169
140, 25, 486, 393
1, 146, 171, 265
140, 25, 486, 393
1, 146, 171, 265
140, 25, 486, 393
196, 40, 277, 434
0, 62, 181, 415
196, 40, 277, 434
196, 40, 277, 434
353, 297, 217, 176
353, 297, 217, 176
353, 297, 217, 176
15, 26, 307, 262
60, 116, 223, 184
60, 116, 223, 184
15, 26, 307, 262
15, 26, 307, 262
15, 26, 307, 262
60, 116, 223, 184
169, 178, 96, 131
460, 125, 173, 301
165, 120, 182, 93
165, 120, 182, 93
460, 125, 173, 301
460, 125, 173, 301
165, 120, 182, 93
165, 120, 182, 93
169, 178, 96, 131
460, 125, 173, 301
251, 239, 103, 162
251, 239, 103, 162
251, 239, 103, 162
31, 11, 563, 581
31, 11, 563, 581
367, 128, 181, 130
3, 101, 216, 375
3, 101, 216, 375
367, 128, 181, 130
0, 341, 94, 121
196, 228, 21, 67
4, 112, 307, 336
444, 129, 191, 314
444, 129, 191, 314
444, 129, 191, 314
274, 120, 205, 326
4, 112, 307, 336
354, 182, 135, 155
354, 182, 135, 155
150, 201, 214, 240
327, 105, 220, 143
304, 0, 320, 475
4, 15, 318, 462
4, 15, 318, 462
304, 0, 320, 475
304, 0, 320, 475
304, 0, 320, 475
468, 203, 168, 273
41, 155, 258, 321
468, 203, 168, 273
486, 83, 138, 194
41, 155, 258, 321
81, 34, 93, 158
257, 41, 181, 113
257, 41, 181, 113
257, 41, 181, 113
257, 41, 181, 113
528, 159, 63, 93
438, 261, 139, 104
438, 261, 139, 104
451, 183, 49, 87
528, 159, 63, 93
528, 159, 63, 93
528, 159, 63, 93
438, 261, 139, 104
451, 183, 49, 87
438, 261, 139, 104
438, 261, 139, 104
440, 124, 102, 154
438, 100, 194, 182
224, 172, 198, 172
105, 159, 340, 185
105, 159, 340, 185
397, 105, 127, 198
447, 106, 192, 284
447, 106, 192, 284
0, 147, 122, 241
123, 111, 182, 119
123, 111, 182, 119
53, 117, 176, 127
175, 142, 245, 26
175, 142, 245, 26
175, 142, 245, 26
175, 142, 245, 26
175, 142, 245, 26
175, 142, 245, 26
14, 27, 102, 337
14, 27, 102, 337
275, 24, 113, 342
468, 322, 171, 73
468, 322, 171, 73
284, 172, 82, 237
351, 156, 118, 259
284, 172, 82, 237
208, 159, 103, 228
208, 159, 103, 228
208, 159, 103, 228
53, 191, 155, 174
53, 191, 155, 174
53, 191, 155, 174
53, 191, 155, 174
53, 191, 155, 174
157, 220, 180, 191
141, 13, 127, 211
141, 13, 127, 211
41, 193, 212, 279
41, 193, 212, 279
30, 327, 37, 17
30, 327, 37, 17
498, 163, 137, 316
498, 163, 137, 316
319, 127, 124, 348
41, 193, 212, 279
30, 327, 37, 17
319, 127, 124, 348
87, 129, 452, 267
87, 129, 452, 267
130, 17, 401, 235
87, 129, 452, 267
147, 147, 274, 145
147, 147, 274, 145
0, 110, 122, 215
457, 2, 136, 324
296, 181, 91, 88
0, 110, 122, 215
349, 147, 78, 177
349, 147, 78, 177
508, 11, 125, 207
508, 11, 125, 207
234, 160, 74, 164
234, 160, 74, 164
176, 248, 87, 132
113, 41, 239, 213
176, 248, 87, 132
59, 241, 136, 353
59, 241, 136, 353
176, 91, 170, 512
285, 199, 159, 397
59, 241, 136, 353
285, 199, 159, 397
66, 79, 240, 291
66, 79, 240, 291
338, 2, 70, 144
200, 341, 128, 126
200, 341, 128, 126
200, 341, 128, 126
272, 422, 69, 177
338, 2, 70, 144
338, 2, 70, 144
87, 161, 142, 203
338, 60, 225, 292
338, 60, 225, 292
338, 60, 225, 292
84, 28, 152, 190
84, 28, 152, 190
212, 8, 238, 224
212, 8, 238, 224
191, 31, 131, 561
191, 31, 131, 561
270, 130, 59, 443
270, 130, 59, 443
153, 116, 165, 353
153, 116, 165, 353
153, 116, 165, 353
206, 201, 50, 89
438, 71, 38, 71
206, 201, 50, 89
206, 201, 50, 89
206, 201, 50, 89
206, 201, 50, 89
165, 23, 106, 247
165, 23, 106, 247
292, 108, 150, 310
239, 207, 147, 215
292, 108, 150, 310
292, 108, 150, 310
71, 74, 187, 346
71, 74, 187, 346
18, 275, 205, 96
18, 275, 205, 96
125, 77, 224, 302
125, 77, 224, 302
166, 10, 347, 391
4, 2, 239, 325
166, 10, 347, 391
513, 6, 126, 206
378, 170, 244, 163
8, 209, 305, 264
378, 170, 244, 163
15, 196, 106, 166
15, 196, 106, 166
38, 370, 233, 142
38, 370, 233, 142
67, 71, 241, 281
67, 71, 241, 281
327, 130, 107, 124
175, 127, 251, 230
2, 55, 387, 306
2, 55, 387, 306
154, 2, 186, 166
359, 84, 183, 162
359, 84, 183, 162
157, 111, 213, 201
359, 84, 183, 162
154, 2, 186, 166
157, 111, 213, 201
157, 111, 213, 201
157, 111, 213, 201
359, 84, 183, 162
157, 111, 213, 201
203, 7, 435, 461
203, 7, 435, 461
97, 136, 185, 226
536, 172, 103, 169
536, 172, 103, 169
151, 63, 283, 333
151, 63, 283, 333
330, 96, 213, 217
330, 96, 213, 217
378, 260, 43, 70
9, 0, 350, 353
330, 96, 213, 217
58, 85, 252, 334
346, 64, 178, 353
58, 85, 252, 334
58, 85, 252, 334
196, 210, 40, 80
196, 210, 40, 80
70, 162, 177, 477
58, 331, 106, 165
70, 162, 177, 477
70, 162, 177, 477
58, 331, 106, 165
70, 162, 177, 477
410, 238, 83, 284
295, 334, 47, 26
338, 146, 180, 276
338, 146, 180, 276
3, 64, 193, 280
338, 146, 180, 276
336, 26, 170, 324
336, 26, 170, 324
336, 26, 170, 324
3, 64, 193, 280
128, 100, 405, 155
128, 100, 405, 155
3, 140, 71, 66
0, 87, 639, 335
43, 2, 118, 114
43, 2, 118, 114
336, 317, 149, 67
524, 88, 32, 30
179, 314, 295, 82
0, 87, 98, 338
0, 87, 98, 338
108, 142, 268, 331
108, 142, 268, 331
108, 142, 268, 331
108, 142, 268, 331
108, 142, 268, 331
349, 285, 16, 12
70, 6, 257, 278
70, 6, 257, 278
70, 6, 257, 278
70, 6, 257, 278
202, 132, 142, 262
315, 131, 138, 283
315, 131, 138, 283
167, 274, 175, 172
496, 292, 101, 132
319, 8, 312, 178
319, 8, 312, 178
213, 233, 241, 101
67, 350, 561, 121
67, 350, 561, 121
213, 233, 241, 101
163, 35, 48, 94
338, 23, 287, 393
513, 115, 114, 263
513, 115, 114, 263
513, 115, 114, 263
513, 115, 114, 263
369, 62, 98, 221
369, 62, 98, 221
174, 240, 231, 163
381, 229, 246, 174
174, 240, 231, 163
381, 229, 246, 174
47, 208, 140, 125
421, 178, 118, 147
14, 87, 434, 297
421, 178, 118, 147
67, 147, 291, 283
67, 147, 291, 283
56, 207, 350, 415
171, 128, 293, 412
171, 128, 293, 412
171, 128, 293, 412
194, 248, 97, 137
0, 229, 90, 132
266, 115, 68, 112
118, 0, 282, 270
103, 58, 45, 45
118, 0, 282, 270
266, 115, 68, 112
148, 63, 132, 135
148, 63, 132, 135
156, 475, 272, 147
148, 63, 132, 135
175, 178, 189, 169
175, 178, 189, 169
3, 357, 153, 115
3, 357, 153, 115
284, 288, 102, 218
138, 316, 273, 321
284, 288, 102, 218
138, 316, 273, 321
284, 288, 102, 218
138, 316, 273, 321
284, 288, 102, 218
138, 316, 273, 321
214, 128, 169, 103
5, 174, 283, 222
5, 174, 283, 222
5, 174, 283, 222
123, 20, 337, 389
123, 20, 337, 389
123, 20, 337, 389
123, 20, 337, 389
412, 91, 190, 322
101, 108, 157, 301
412, 91, 190, 322
101, 108, 157, 301
160, 69, 158, 110
302, 73, 101, 146
87, 73, 306, 204
87, 73, 306, 204
302, 73, 101, 146
302, 73, 101, 146
170, 174, 133, 73
177, 98, 131, 75
177, 98, 131, 75
177, 98, 131, 75
165, 239, 137, 68
177, 98, 131, 75
165, 239, 137, 68
165, 239, 137, 68
226, 168, 311, 162
380, 166, 151, 135
11, 109, 181, 314
348, 43, 273, 378
11, 109, 181, 314
11, 109, 181, 314
11, 109, 181, 314
348, 43, 273, 378
155, 46, 266, 372
155, 46, 266, 372
57, 228, 215, 325
57, 228, 215, 325
57, 228, 215, 325
57, 228, 215, 325
111, 86, 106, 387
111, 86, 106, 387
111, 86, 106, 387
111, 86, 106, 387
268, 295, 232, 131
268, 295, 232, 131
253, 116, 381, 298
244, 192, 185, 163
244, 192, 185, 163
428, 213, 41, 82
47, 219, 11, 26
245, 316, 47, 81
245, 316, 47, 81
245, 316, 47, 81
36, 37, 320, 191
36, 37, 320, 191
2, 8, 153, 269
322, 199, 183, 218
2, 8, 153, 269
2, 8, 153, 269
227, 125, 146, 214
48, 185, 97, 142
326, 303, 231, 120
54, 142, 163, 276
54, 142, 163, 276
326, 303, 231, 120
326, 303, 231, 120
223, 159, 123, 260
326, 303, 231, 120
223, 159, 123, 260
313, 90, 192, 112
18, 99, 341, 493
464, 138, 97, 83
363, 201, 226, 219
363, 201, 226, 219
313, 90, 192, 112
363, 201, 226, 219
393, 170, 116, 122
393, 170, 116, 122
393, 170, 116, 122
393, 170, 116, 122
203, 265, 171, 199
0, 109, 166, 195
203, 265, 171, 199
0, 290, 198, 209
203, 265, 171, 199
0, 109, 166, 195
203, 265, 171, 199
0, 109, 166, 195
481, 381, 158, 41
48, 175, 316, 155
48, 175, 316, 155
48, 175, 316, 155
156, 226, 103, 209
156, 226, 103, 209
308, 166, 120, 304
308, 166, 120, 304
129, 8, 88, 200
129, 8, 88, 200
1, 100, 254, 120
441, 0, 188, 140
441, 0, 188, 140
441, 0, 188, 140
260, 100, 239, 80
441, 0, 188, 140
1, 100, 254, 120
1, 100, 254, 120
1, 100, 254, 120
1, 100, 254, 120
369, 42, 242, 377
369, 42, 242, 377
369, 42, 242, 377
0, 230, 48, 192
35, 55, 215, 548
35, 55, 215, 548
35, 55, 215, 548
21, 150, 117, 448
309, 110, 324, 277
309, 110, 324, 277
204, 230, 108, 370
204, 230, 108, 370
115, 73, 419, 167
115, 73, 419, 167
34, 185, 304, 441
34, 185, 304, 441
34, 185, 304, 441
34, 185, 304, 441
45, 135, 223, 281
110, 208, 109, 193
48, 201, 53, 121
212, 230, 127, 99
55, 264, 250, 134
71, 241, 57, 40
71, 241, 57, 40
55, 264, 250, 134
55, 264, 250, 134
71, 241, 57, 40
71, 241, 57, 40
131, 122, 292, 234
315, 163, 132, 214
315, 163, 132, 214
131, 122, 292, 234
124, 72, 251, 561
126, 307, 16, 32
124, 72, 251, 561
124, 72, 251, 561
301, 3, 289, 88
301, 3, 289, 88
122, 64, 129, 128
256, 57, 117, 120
289, 201, 264, 266
73, 0, 231, 234
206, 17, 342, 461
73, 0, 231, 234
0, 21, 360, 407
12, 0, 294, 226
0, 21, 360, 407
12, 0, 294, 226
67, 186, 192, 448
67, 186, 192, 448
122, 99, 126, 134
0, 76, 163, 281
122, 99, 126, 134
0, 76, 163, 281
91, 149, 77, 71
91, 149, 77, 71
137, 18, 155, 458
137, 18, 155, 458
255, 144, 114, 378
13, 82, 258, 528
255, 144, 114, 378
373, 39, 203, 182
373, 39, 203, 182
373, 39, 203, 182
373, 39, 203, 182
261, 66, 374, 296
7, 71, 189, 283
7, 71, 189, 283
261, 66, 374, 296
341, 203, 60, 130
341, 203, 60, 130
46, 29, 241, 175
51, 241, 50, 134
46, 29, 241, 175
125, 252, 53, 140
46, 29, 241, 175
46, 29, 241, 175
0, 150, 151, 267
0, 150, 151, 267
314, 106, 64, 59
431, 295, 109, 128
314, 106, 64, 59
0, 150, 151, 267
0, 6, 83, 209
25, 305, 122, 117
94, 177, 112, 177
94, 177, 112, 177
94, 177, 112, 177
191, 0, 304, 324
1, 6, 122, 239
1, 6, 122, 239
191, 0, 304, 324
238, 128, 63, 193
238, 128, 63, 193
370, 108, 110, 191
370, 108, 110, 191
357, 201, 69, 403
226, 0, 193, 329
94, 190, 219, 354
0, 6, 78, 245
226, 0, 193, 329
357, 201, 69, 403
357, 201, 69, 403
357, 201, 69, 403
94, 190, 219, 354
41, 77, 117, 203
378, 11, 121, 139
253, 111, 177, 233
212, 5, 124, 109
378, 11, 121, 139
212, 5, 124, 109
378, 11, 121, 139
41, 77, 117, 203
253, 111, 177, 233
212, 5, 124, 109
47, 4, 116, 165
8, 41, 310, 453
8, 41, 310, 453
8, 41, 310, 453
47, 4, 116, 165
8, 41, 310, 453
176, 89, 244, 294
535, 115, 71, 226
176, 89, 244, 294
176, 89, 244, 294
535, 115, 71, 226
176, 89, 244, 294
16, 347, 525, 127
16, 347, 525, 127
98, 222, 207, 277
98, 222, 207, 277
346, 26, 197, 366
346, 26, 197, 366
346, 26, 197, 366
346, 26, 197, 366
509, 3, 127, 119
509, 3, 127, 119
509, 3, 127, 119
509, 3, 127, 119
199, 283, 120, 102
94, 266, 163, 119
385, 63, 114, 145
385, 63, 114, 145
0, 228, 160, 84
140, 26, 379, 323
0, 228, 160, 84
253, 97, 306, 330
253, 97, 306, 330
253, 97, 306, 330
253, 97, 306, 330
5, 19, 453, 323
5, 19, 453, 323
5, 19, 453, 323
5, 19, 453, 323
5, 0, 458, 366
5, 0, 458, 366
5, 0, 458, 366
5, 0, 458, 366
141, 23, 172, 277
141, 23, 172, 277
141, 23, 172, 277
141, 23, 172, 277
373, 106, 155, 186
141, 23, 172, 277
99, 58, 229, 530
82, 168, 65, 93
82, 168, 65, 93
82, 168, 65, 93
146, 166, 49, 137
370, 59, 223, 338
110, 139, 257, 257
370, 59, 223, 338
110, 139, 257, 257
275, 140, 105, 175
275, 140, 105, 175
275, 140, 105, 175
5, 17, 292, 316
221, 205, 185, 396
221, 205, 185, 396
221, 205, 185, 396
188, 63, 82, 132
268, 16, 252, 401
268, 16, 252, 401
32, 43, 231, 340
32, 43, 231, 340
227, 210, 370, 185
150, 217, 152, 116
298, 27, 150, 294
298, 27, 150, 294
330, 48, 260, 486
298, 27, 150, 294
330, 48, 260, 486
330, 48, 260, 486
330, 48, 260, 486
298, 27, 150, 294
9, 55, 165, 377
9, 55, 165, 377
175, 8, 127, 485
9, 55, 165, 377
503, 54, 135, 211
503, 54, 135, 211
154, 78, 243, 39
154, 78, 243, 39
248, 147, 121, 384
234, 262, 125, 63
248, 147, 121, 384
325, 166, 120, 349
83, 224, 208, 373
83, 224, 208, 373
360, 2, 93, 78
441, 45, 33, 250
360, 2, 93, 78
164, 27, 119, 68
295, 255, 296, 169
295, 255, 296, 169
10, 24, 356, 401
10, 24, 356, 401
10, 24, 356, 401
10, 24, 356, 401
414, 334, 206, 70
41, 326, 144, 48
285, 154, 206, 165
88, 127, 227, 171
285, 154, 206, 165
88, 127, 227, 171
264, 31, 239, 240
264, 31, 239, 240
264, 31, 239, 240
27, 32, 222, 244
81, 21, 367, 319
81, 21, 367, 319
81, 21, 367, 319
81, 21, 367, 319
1, 167, 183, 140
101, 29, 442, 376
58, 57, 59, 57
1, 167, 183, 140
248, 203, 152, 135
248, 203, 152, 135
248, 203, 152, 135
10, 201, 75, 95
323, 112, 269, 140
86, 2, 243, 282
86, 2, 243, 282
323, 112, 269, 140
242, 181, 103, 286
242, 181, 103, 286
242, 181, 103, 286
242, 181, 103, 286
392, 184, 221, 291
223, 124, 75, 148
96, 29, 281, 595
96, 29, 281, 595
1, 79, 174, 496
1, 79, 174, 496
50, 6, 158, 242
50, 6, 158, 242
50, 6, 158, 242
50, 6, 158, 242
530, 193, 109, 206
530, 193, 109, 206
530, 193, 109, 206
530, 193, 109, 206
30, 242, 427, 320
30, 242, 427, 320
96, 67, 131, 358
253, 65, 147, 359
386, 189, 98, 148
96, 67, 131, 358
386, 189, 98, 148
374, 42, 220, 380
296, 195, 148, 332
140, 317, 178, 265
140, 317, 178, 265
296, 195, 148, 332
253, 83, 140, 241
95, 119, 133, 223
95, 119, 133, 223
253, 83, 140, 241
182, 54, 221, 449
182, 54, 221, 449
302, 70, 279, 83
302, 70, 279, 83
583, 169, 56, 253
583, 169, 56, 253
302, 70, 279, 83
302, 70, 279, 83
583, 169, 56, 253
583, 169, 56, 253
487, 160, 129, 252
80, 207, 145, 198
245, 16, 287, 354
80, 207, 145, 198
80, 207, 145, 198
251, 19, 220, 308
251, 19, 220, 308
76, 96, 222, 235
251, 19, 220, 308
483, 13, 49, 306
15, 353, 198, 71
15, 353, 198, 71
1, 1, 204, 107
15, 353, 198, 71
1, 1, 204, 107
483, 13, 49, 306
483, 13, 49, 306
15, 353, 198, 71
1, 1, 204, 107
193, 103, 387, 236
193, 103, 387, 236
23, 124, 202, 194
193, 103, 387, 236
144, 148, 184, 398
144, 148, 184, 398
240, 29, 115, 298
240, 29, 115, 298
240, 29, 115, 298
128, 90, 122, 259
0, 105, 606, 160
6, 170, 138, 78
134, 203, 112, 45
295, 197, 92, 67
237, 111, 290, 309
237, 111, 290, 309
237, 111, 290, 309
237, 111, 290, 309
70, 123, 156, 238
60, 199, 63, 80
93, 131, 161, 325
197, 83, 43, 47
3, 211, 239, 275
3, 211, 239, 275
109, 64, 134, 169
3, 211, 239, 275
217, 212, 180, 143
217, 212, 180, 143
204, 472, 171, 105
204, 472, 171, 105
609, 265, 30, 157
609, 265, 30, 157
181, 90, 132, 177
26, 123, 158, 223
26, 123, 158, 223
26, 123, 158, 223
405, 121, 203, 163
181, 90, 132, 177
26, 123, 158, 223
5, 245, 243, 128
5, 245, 243, 128
5, 245, 243, 128
254, 226, 11, 15
265, 0, 374, 416
12, 1, 426, 421
12, 1, 426, 421
12, 1, 426, 421
12, 1, 426, 421
265, 0, 374, 416
165, 357, 57, 36
419, 358, 93, 49
63, 4, 561, 334
63, 4, 561, 334
243, 2, 118, 150
243, 2, 118, 150
70, 90, 163, 87
70, 90, 163, 87
70, 90, 163, 87
63, 4, 561, 334
70, 90, 163, 87
29, 458, 102, 115
29, 458, 102, 115
293, 60, 40, 152
293, 60, 40, 152
200, 226, 231, 114
75, 189, 505, 174
65, 235, 77, 22
75, 189, 505, 174
75, 189, 505, 174
4, 175, 326, 156
4, 175, 326, 156
81, 236, 331, 332
81, 236, 331, 332
81, 236, 331, 332
160, 61, 296, 478
81, 236, 331, 332
81, 236, 331, 332
81, 236, 331, 332
81, 236, 331, 332
390, 234, 249, 107
368, 61, 225, 244
12, 237, 230, 108
390, 234, 249, 107
390, 234, 249, 107
390, 234, 249, 107
338, 23, 106, 189
368, 61, 225, 244
338, 23, 106, 189
338, 23, 106, 189
185, 27, 227, 428
185, 27, 227, 428
185, 27, 227, 428
185, 27, 227, 428
329, 44, 261, 221
329, 44, 261, 221
329, 44, 261, 221
0, 82, 382, 372
66, 225, 124, 106
66, 225, 124, 106
123, 93, 191, 92
123, 93, 191, 92
163, 365, 53, 113
168, 172, 216, 211
202, 343, 47, 104
168, 172, 216, 211
576, 227, 62, 78
14, 193, 362, 129
290, 179, 311, 422
290, 179, 311, 422
0, 190, 291, 415
0, 190, 291, 415
219, 164, 153, 243
219, 164, 153, 243
563, 182, 74, 230
563, 182, 74, 230
16, 39, 44, 86
132, 127, 164, 280
16, 39, 44, 86
132, 127, 164, 280
133, 347, 67, 101
359, 292, 88, 181
133, 347, 67, 101
133, 347, 67, 101
129, 163, 166, 153
284, 11, 355, 342
181, 39, 160, 144
129, 163, 166, 153
181, 39, 160, 144
181, 39, 160, 144
163, 104, 82, 104
163, 104, 82, 104
360, 116, 79, 147
360, 116, 79, 147
0, 312, 363, 317
0, 312, 363, 317
0, 312, 363, 317
66, 69, 180, 350
66, 69, 180, 350
475, 164, 164, 183
477, 18, 155, 153
97, 71, 320, 558
97, 71, 320, 558
13, 22, 213, 569
13, 22, 213, 569
67, 247, 105, 187
67, 247, 105, 187
67, 247, 105, 187
114, 239, 198, 295
377, 198, 93, 46
377, 198, 93, 46
349, 218, 84, 134
377, 198, 93, 46
531, 250, 108, 39
531, 250, 108, 39
174, 338, 173, 138
174, 338, 173, 138
174, 338, 173, 138
198, 156, 114, 78
90, 158, 140, 176
223, 0, 275, 352
189, 214, 64, 129
189, 214, 64, 129
90, 158, 140, 176
90, 158, 140, 176
189, 214, 64, 129
141, 180, 47, 84
470, 94, 72, 202
470, 94, 72, 202
496, 221, 76, 121
470, 94, 72, 202
470, 94, 72, 202
46, 253, 48, 133
46, 253, 48, 133
9, 221, 84, 182
169, 210, 75, 172
9, 221, 84, 182
169, 210, 75, 172
9, 221, 84, 182
169, 210, 75, 172
275, 11, 247, 466
275, 11, 247, 466
275, 11, 247, 466
